Apocalypto,3,5,4,,5,4,2,1,5,4,3,2,5,3,5
Apollo 13,,,4,5,,5,3,2,4,5,4,3,2,4,5
The Lord of The Rings,5,4,4,,3,2,4,5,2,1,3,2,4,5,1
The Matrix,5,5,5,5,5,5,5,5,5,5,5,5,5,5,5
Inception,4,4,4,4,,4,4,4,4,4,4,4,4,4,4
Gladiator,3,3,3,3,3,3,3,3,3,3,3,3,3,3,3
Interstellar,5,,5,5,5,5,5,5,5,5,5,5,5,5,5
Forrest Gump,1,2,3,4,5,1,2,3,4,5,1,2,3,4,5
Saving Private Ryan,5,4,3,2,1,5,4,3,2,1,5,4,3,2,1
Titanic,2,3,4,,5,,2,3,4,5,2,3,4,5,5
Braveheart,5,4,3,2,1,5,4,3,2,1,5,4,3,2,1
Black Hawk Down,,,4,5,,5,3,2,4,5,4,3,2,4,5
Mad Max,5,5,,5,5,,5,5,5,5,,5,5,5,
The Green Mile,1,1,1,1,1,1,1,1,1,1,1,1,1,1,1
The Godfather,5,5,5,5,5,5,5,5,5,5,5,5,5,5,5
