10000,526
1000,512
1001,506
1002,524
1003,474
1004,509
100,504
1005,510
1006,473
1007,492
1008,516
1009,485
1010,510
1011,478
1012,490
1013,479
1014,500
101,519
1015,508
1016,525
1017,530
1018,515
1019,488
1020,487
1021,521
1022,503
1023,528
1024,498
102,487
1025,535
1026,500
1027,501
1028,515
1029,496
1030,498
1031,505
1032,523
1033,490
1034,526
103,478
1035,512
1036,497
1037,523
1038,497
1039,481
1040,493
1041,493
1042,513
1043,519
1044,516
104,500
1045,479
1046,504
1047,494
1048,499
1049,489
10,502
1050,520
1051,500
1052,500
1053,493
1054,528
105,483
1055,482
1056,514
1057,498
1058,513
1059,524
1060,483
1061,521
1062,512
1063,493
1064,503
106,495
1065,494
1066,516
1067,481
1068,497
1069,489
1070,506
1071,457
1072,492
1073,542
1074,482
107,457
1075,498
1076,475
1077,524
1078,497
1079,493
1080,532
1081,505
1082,484
1083,494
1084,496
108,523
1085,485
1086,462
1087,516
1088,513
1089,490
1090,507
1091,517
1092,501
1093,515
1094,497
109,502
1095,497
1096,504
1097,494
1098,502
1099,490
1100,496
1101,512
1102,492
1103,491
1104,509
110,520
1105,495
1106,491
1107,539
1108,519
1109,494
1110,516
1111,488
1112,485
1113,514
1114,476
111,465
1115,487
1116,500
1117,506
1118,507
1119,483
1120,483
1121,515
1122,503
1123,499
1124,526
112,519
1125,487
1126,466
1127,481
1128,505
1129,492
1130,508
1131,490
1132,514
1133,463
113,448
1134,509
1135,521
1136,508
1137,507
1138,495
1139,486
1140,483
1141,478
1142,489
1143,513
1144,500
114,470
1145,528
1146,467
1147,495
1148,513
11,493
1149,513
1150,500
1151,500
1152,496
1153,499
1154,477
115,516
1155,507
1156,507
1157,500
1158,506
1159,504
1160,526
1161,502
1162,505
1163,489
1164,480
116,464
1165,503
1166,509
1167,514
1168,513
1169,512
1170,478
1171,480
1172,467
1173,495
1174,493
117,482
1175,504
1176,513
1177,483
1178,501
1179,493
1180,480
1181,495
1182,485
1183,514
1184,486
118,518
1185,516
1186,499
1187,497
1188,493
1189,489
1190,494
1191,481
1192,508
1193,497
1194,467
119,503
1195,510
1196,517
1197,512
1198,512
1199,485
1200,496
1201,482
1202,490
1203,476
1204,508
120,511
1205,510
1206,510
1207,510
1208,503
1209,485
1210,529
1211,503
1212,497
1213,500
1214,509
121,495
1215,506
1216,494
1217,524
1218,507
1219,508
1220,490
1221,510
1222,507
1223,505
1224,510
122,500
1225,510
1226,476
1227,483
1228,533
1229,509
1230,489
1231,486
1232,499
1233,522
1234,495
123,492
1235,497
1236,537
1237,476
1238,505
1239,504
1240,516
1241,485
1242,497
1243,495
1244,498
124,535
1245,529
1246,501
12,472
1247,493
1248,482
1249,498
1250,470
1251,478
1252,503
1253,504
1254,482
125,523
1255,504
1256,506
1257,471
1258,513
1259,506
1260,526
1261,513
1262,479
1263,509
1264,500
126,502
1265,486
1266,532
1267,483
1268,484
1269,500
1270,483
1271,481
1272,479
1273,492
1274,517
127,492
1275,481
1276,484
1277,495
1278,485
1279,512
1280,532
1281,520
1282,514
1283,506
1284,516
128,481
1285,514
1286,501
1287,505
1288,520
1289,505
1290,451
1291,493
1292,516
1293,483
1294,488
129,513
1295,513
1296,493
1297,514
1298,487
1299,483
1300,485
1301,507
1302,484
1303,522
1304,527
130,524
1305,497
1306,471
1307,516
1308,506
1309,518
1310,496
1311,485
1312,530
1313,503
1314,511
131,534
1315,517
1316,524
1317,496
1318,475
1319,506
1320,502
1321,510
1322,492
1323,476
1324,503
132,509
1325,497
1326,499
1327,497
1328,511
1329,499
1330,479
1331,489
1332,505
1333,500
1334,520
133,512
1335,505
1336,497
1337,526
1338,521
1339,508
1340,490
1341,492
1342,544
1343,506
1344,491
134,467
1345,515
1346,509
1347,496
1348,514
1349,523
1350,505
13,509
1351,488
1352,478
1353,499
1354,504
135,491
1355,492
1356,481
1357,508
1358,478
1359,498
1360,462
1361,492
1362,491
1363,493
1364,523
136,505
1365,493
1366,524
1367,519
1368,504
1369,527
1370,537
1371,507
1372,488
1373,497
1374,490
137,524
1375,456
1376,508
1377,527
1378,490
1379,482
1380,513
1381,503
1382,479
1383,511
1384,476
138,495
1385,501
1386,528
1387,474
1388,501
1389,490
1390,504
1391,526
1392,499
1393,493
1394,512
139,493
1395,534
1396,493
1397,498
1398,500
1399,489
1400,502
1401,503
1402,506
1403,491
1404,498
140,477
1405,474
1406,483
1407,478
1408,489
1409,516
1410,470
1411,519
1412,489
1413,486
1414,493
141,508
1415,500
1416,500
1417,481
1418,494
1419,477
1420,503
1421,484
1422,523
1423,507
1424,496
142,508
1425,506
1426,499
1427,520
1428,512
1429,471
1430,459
1431,485
1432,501
1433,497
1434,524
143,507
1435,524
1436,518
1437,490
1438,492
1439,510
1440,498
1441,505
1442,472
1443,491
1444,497
144,506
1445,515
1446,503
1447,489
14,483
1448,496
1449,497
1450,500
1451,515
1452,516
1453,532
1454,492
145,517
1455,483
1456,489
1457,494
1458,501
1459,489
1460,522
1461,500
1462,535
1463,494
1464,499
146,482
1465,499
1466,489
1467,516
1468,513
1469,480
1470,524
1471,507
1472,476
1473,510
1474,510
147,504
1475,533
1476,511
1477,508
1,478
1478,499
1479,505
1480,558
1481,522
1482,527
1483,475
1484,490
148,529
1485,511
1486,491
1487,520
1488,472
1489,508
1490,492
1491,502
1492,518
1493,482
1494,517
149,502
1495,503
1496,483
1497,482
1498,501
1499,467
1500,483
1501,487
1502,515
1503,500
1504,514
150,526
1505,484
1506,486
1507,507
1508,510
1509,485
1510,531
1511,525
1512,493
1513,506
1514,526
151,517
1515,503
1516,487
1517,515
1518,463
1519,523
1520,497
1521,496
1522,488
1523,490
1524,492
152,484
1525,492
1526,498
1527,511
1528,514
1529,506
1530,483
1531,485
1532,508
1533,511
1534,497
153,465
1535,512
1536,517
1537,506
1538,522
1539,512
1540,481
1541,525
1542,498
1543,503
1544,492
154,480
1545,492
1546,489
1547,517
1548,510
1549,528
1550,486
1551,493
15,515
1552,496
1553,516
1554,496
155,512
1555,524
1556,525
1557,514
1558,521
1559,488
1560,503
1561,507
1562,464
1563,485
1564,506
156,529
1565,476
1566,489
1567,529
1568,489
1569,480
1570,496
1571,486
1572,483
1573,478
1574,506
157,513
1575,521
1576,488
1577,530
1578,515
1579,520
1580,486
1581,473
1582,508
1583,495
1584,506
158,486
1585,503
1586,513
1587,522
1588,493
1589,531
1590,511
1591,506
1592,489
1593,522
1594,507
159,497
1595,494
1596,493
1597,506
1598,492
1599,501
1600,530
1601,484
1602,491
1603,479
1604,513
160,505
1605,506
1606,482
1607,513
1608,496
1609,504
1610,501
1611,496
1612,482
1613,515
1614,498
161,479
1615,514
1616,504
1617,485
1618,482
1619,521
1620,487
1621,513
1622,483
1623,517
1624,488
162,508
1625,506
1626,491
1627,488
1628,497
1629,490
1630,489
1631,495
1632,505
1633,502
1634,505
163,496
1635,495
1636,484
1637,497
1638,506
1639,494
1640,518
1641,501
1642,515
1643,496
1644,504
164,505
1645,503
1646,503
1647,484
1648,506
1649,508
16,497
1650,508
1651,477
1652,496
1653,508
1654,466
165,502
1655,488
1656,498
1657,479
1658,486
1659,498
1660,498
1661,505
1662,504
1663,522
1664,519
166,495
1665,499
1666,493
1667,498
1668,489
1669,522
1670,496
1671,502
1672,500
1673,511
1674,499
167,485
1675,507
1676,492
1677,510
1678,479
1679,512
1680,489
1681,484
1682,535
1683,489
1684,509
168,530
1685,494
1686,477
1687,484
1688,471
1689,511
1690,507
1691,491
1692,501
1693,502
1694,500
169,482
1695,489
1696,507
1697,499
1698,474
1699,492
1700,527
1701,489
1702,514
1703,514
1704,497
170,501
1705,511
1706,520
1707,512
1708,503
1709,490
1710,513
1711,498
1712,503
1713,516
1714,500
171,508
1715,501
1716,484
1717,491
1718,505
1719,494
1720,510
1721,489
1722,512
1723,485
1724,474
172,490
1725,503
1726,517
1727,490
1728,483
1729,512
1730,498
1731,524
1732,515
1733,490
1734,509
173,537
1735,503
1736,505
1737,488
1738,483
1739,505
1740,499
1741,524
1742,466
1743,519
1744,518
174,470
1745,479
1746,509
1747,493
1748,490
1749,504
1750,501
17,506
1751,505
1752,488
1753,472
1754,507
175,494
1755,481
1756,488
1757,502
1758,491
1759,516
1760,498
1761,507
1762,518
1763,478
1764,502
176,503
1765,518
1766,485
1767,488
1768,504
1769,491
1770,537
1771,483
1772,491
1773,482
1774,510
177,497
1775,491
1776,502
1777,514
1778,534
1779,489
1780,512
1781,478
1782,521
1783,510
1784,481
178,517
1785,513
1786,531
1787,487
1788,501
1789,485
1790,505
1791,479
1792,502
1793,517
1794,504
179,483
1795,482
1796,488
1797,488
1798,470
1799,502
1800,513
1801,508
1802,509
1803,475
1804,468
180,500
1805,541
1806,458
1807,505
1808,517
1809,501
1810,519
1811,500
1812,509
1813,497
1814,483
181,503
1815,519
1816,516
1817,496
1818,507
1819,503
1820,490
1821,485
1822,506
1823,474
1824,505
182,518
1825,503
1826,487
1827,513
1828,497
1829,504
1830,503
1831,499
1832,491
1833,513
1834,493
183,501
1835,487
1836,468
1837,508
1838,537
1839,482
1840,532
1841,494
1842,522
1843,509
1844,517
184,484
1845,466
1846,512
1847,496
1848,507
1849,494
1850,476
18,507
1851,496
1852,486
1853,502
1854,501
185,497
1855,494
1856,533
1857,502
1858,517
1859,507
1860,519
1861,478
1862,477
1863,487
1864,486
186,466
1865,494
1866,512
1867,487
1868,526
1869,498
1870,498
1871,510
1872,514
1873,492
1874,523
187,505
1875,512
1876,483
1877,510
1878,496
1879,508
1880,520
1881,515
1882,493
1883,466
1884,489
188,512
1885,490
1886,511
1887,518
1888,521
1889,510
1890,540
1891,509
1892,509
1893,478
1894,504
189,479
1895,499
1896,488
1897,496
1898,510
1899,521
1900,479
1901,505
1902,506
1903,505
1904,479
190,505
1905,498
1906,520
1907,523
1908,500
1909,490
1910,527
1911,491
1912,489
1913,496
1914,485
191,501
1915,535
1916,506
1917,468
1918,502
1919,474
1920,506
1921,507
1922,488
1923,517
1924,527
192,492
1925,494
1926,494
1927,485
1928,499
1929,497
1930,484
1931,477
1932,504
1933,501
1934,502
193,503
1935,480
1936,508
1937,513
1938,500
1939,523
1940,501
1941,512
1942,519
1943,478
1944,504
194,506
1945,501
1946,502
1947,479
1948,500
1949,489
19,499
1950,507
1951,492
1952,504
1953,474
1954,530
195,517
1955,487
1956,466
1957,513
1958,511
1959,509
1960,476
1961,488
1962,441
1963,496
1964,502
196,492
1965,488
1966,478
1967,511
1968,493
1969,524
1970,500
1971,496
1972,483
1973,486
1974,504
197,517
1975,504
1976,502
1977,532
1978,497
1979,542
1980,496
1981,498
1982,506
1983,509
1984,489
198,496
1985,489
1986,491
1987,491
1988,481
1989,499
1990,467
1991,487
1992,503
1993,501
1994,488
199,509
1995,493
1996,501
1997,498
1998,533
1999,478
2000,510
2001,522
2002,508
2003,498
2004,518
200,515
2005,497
2006,523
2007,495
2008,492
2009,494
2010,492
2011,507
2012,535
2013,529
2014,499
201,478
2015,541
2016,497
2017,504
2018,486
2019,507
2020,489
2021,502
2022,475
2023,504
2024,518
202,494
2025,477
2026,508
2027,545
2028,549
2029,490
2030,535
2031,484
2032,479
2033,503
2034,487
203,517
2035,513
2036,537
2037,487
2038,477
2039,493
2040,541
2041,504
2042,518
2043,480
2044,505
204,534
2045,528
2046,492
2047,488
2048,532
2049,519
2050,501
20,515
2051,507
2052,500
2053,503
2054,486
205,500
2055,489
2056,511
2057,469
2058,494
2059,467
2060,486
2061,497
2062,511
2063,480
2064,516
206,505
2065,512
2066,524
2067,519
2068,503
2069,484
2070,480
2071,485
2072,498
2073,477
2074,508
207,481
2075,458
2076,485
2077,498
2078,483
2079,508
2080,495
2081,490
2082,517
2083,503
2084,526
208,506
2085,490
2086,474
2087,519
2088,503
2089,520
2090,519
2091,488
2092,537
2093,489
2094,509
209,481
2095,507
2096,504
2097,505
2098,511
2099,501
2100,504
2101,502
2102,514
2103,502
2104,475
210,469
2105,500
2106,502
2107,494
2108,498
2109,510
2110,502
2111,482
2112,475
2113,523
2114,516
211,508
2115,493
2116,499
2117,514
2118,495
2119,504
2120,510
2121,488
2122,500
2123,525
2124,492
212,510
2125,496
2126,477
2127,500
2128,497
2129,516
2130,492
2131,510
2132,492
2133,508
2134,478
213,491
2135,508
2136,503
2137,519
2138,483
2139,506
2140,500
2141,522
2142,493
2143,503
2144,504
214,519
2145,487
2146,510
2147,517
2148,503
21,493
2149,483
2150,484
2151,509
2152,518
2153,495
2154,510
215,510
2155,516
2156,509
2157,494
2158,502
2159,551
2160,505
2161,527
2162,500
2163,503
2164,516
216,496
2165,481
2166,497
2167,494
2168,501
2169,469
2170,502
2171,486
2172,529
2173,496
2174,473
217,491
2175,515
2176,519
2177,494
2178,514
2179,463
2180,502
2181,477
2182,496
2183,487
2184,504
218,478
2185,518
2186,484
2187,505
2188,518
2189,518
2190,520
2191,508
2192,497
2193,501
2194,494
219,523
2195,493
2196,459
2197,507
2198,482
2199,512
2200,496
2201,506
2202,474
2203,504
2204,471
220,503
2205,487
2206,520
2207,487
2208,486
2209,497
2210,492
2211,471
2212,524
2213,513
2214,462
221,480
2215,496
2216,500
2217,505
2218,514
2219,509
2220,495
2221,467
2222,499
2223,497
2224,499
222,492
2225,489
2226,503
2227,493
2228,527
2229,493
2230,501
2231,478
2232,503
2233,512
2234,497
223,492
2235,469
2236,521
2237,487
2238,514
2239,511
2240,514
2241,484
2242,477
2243,490
2244,503
224,463
2245,524
2246,495
2247,494
22,475
2248,517
2249,496
2250,483
2251,514
2252,534
2253,496
2254,479
225,481
2255,498
2256,512
2257,501
2258,517
2259,496
2260,536
2261,539
2262,528
2263,474
2264,489
226,521
2265,482
2266,496
2267,509
2268,498
2269,488
2270,478
2271,484
2272,505
2273,472
2274,489
227,499
2275,516
2276,520
2277,484
2278,477
2279,501
2280,507
2281,503
2282,503
2283,496
2284,531
228,492
2285,522
2286,497
2287,505
2288,495
2289,488
2290,487
2291,510
2292,504
2293,502
2294,488
229,513
2295,498
2296,503
2297,469
2298,500
2299,505
2300,494
2301,516
2302,494
2303,453
2304,502
230,489
2305,518
2306,509
2307,507
2308,494
2309,493
2310,476
2311,469
2312,518
2313,477
2314,454
231,527
2315,484
2316,472
2317,492
2318,520
2319,530
2320,487
2321,501
2322,525
2323,499
2324,503
232,490
2325,507
2326,489
2327,467
2328,479
2329,508
2330,516
2331,462
2332,539
2333,490
2334,514
233,485
2335,485
2336,490
2337,514
2338,502
2339,515
2340,505
2341,525
2342,465
2343,491
2344,504
234,515
2345,509
2346,488
2347,484
2348,485
23,489
2349,501
2350,509
2351,496
2352,505
2353,497
2354,488
235,488
2355,508
2356,513
2357,516
2358,498
2359,485
2360,491
2361,492
2362,506
2363,490
2364,521
236,520
2365,502
2366,515
2367,510
2368,533
2369,521
2370,497
2371,516
2372,463
2373,515
2374,513
237,512
2375,507
2376,503
2377,472
2378,506
2379,486
2380,508
2381,477
2382,497
2383,495
2384,487
238,482
2385,507
2386,517
2387,483
2388,524
2389,529
2390,499
2391,484
2392,507
2393,516
2394,505
239,498
2395,499
2396,498
2397,507
2398,503
2399,505
2400,513
2401,490
2402,521
2403,488
2404,516
240,526
2405,496
2406,519
2407,512
2408,493
2409,495
2410,493
2411,495
2412,512
2413,498
2414,515
241,548
2415,485
2416,475
2417,519
2418,455
2419,534
2420,483
2421,515
2422,511
2423,514
2424,465
242,515
2425,498
2426,498
2427,480
2428,512
2429,486
2430,504
2431,529
2432,501
2433,486
2434,509
243,506
2435,471
2436,472
2437,520
2438,493
2439,500
2440,524
2441,504
2442,494
2443,497
2444,500
244,498
2445,524
2446,528
2447,477
2448,490
2449,512
24,496
2450,511
2451,518
2452,498
2453,479
2454,494
245,488
2455,497
2456,488
2457,503
2458,476
2459,506
2460,497
2461,476
2462,500
2463,486
2464,524
246,488
2465,490
2466,485
2467,491
2468,541
2469,491
2470,490
2471,499
2472,487
2473,519
2474,540
247,498
2475,532
2476,529
2477,480
2478,489
2479,462
2480,487
2481,447
2482,508
2483,485
2484,507
248,477
2485,502
2486,487
2,487
2487,478
2488,491
2489,509
2490,499
2491,504
2492,524
2493,511
2494,503
249,498
2495,515
2496,511
2497,495
2498,504
2499,477
2500,506
2501,525
2502,502
2503,538
2504,497
250,513
2505,487
2506,492
2507,480
2508,506
2509,506
2510,520
2511,526
2512,502
2513,481
2514,497
251,497
2515,484
2516,503
2517,513
2518,510
2519,523
2520,502
2521,485
2522,507
2523,487
2524,507
252,514
2525,486
2526,501
2527,508
2528,518
2529,497
2530,472
2531,510
2532,476
2533,483
2534,487
253,495
2535,498
2536,507
2537,490
2538,509
2539,481
2540,517
2541,516
2542,499
2543,502
2544,481
254,513
2545,495
2546,501
2547,492
2548,521
25,492
2549,523
2550,522
2551,516
2552,489
2553,476
2554,507
255,515
2555,504
2556,502
2557,509
2558,507
2559,514
2560,486
2561,494
2562,505
2563,481
2564,500
256,514
2565,501
2566,508
2567,507
2568,514
2569,460
2570,517
2571,488
2572,511
2573,512
2574,519
257,492
2575,480
2576,520
2577,501
2578,531
2579,496
2580,488
2581,506
2582,487
2583,512
2584,510
258,482
2585,485
2586,511
2587,515
2588,507
2589,482
2590,512
2591,509
2592,501
2593,487
2594,504
259,502
2595,505
2596,485
2597,515
2598,522
2599,496
2600,500
2601,499
2602,461
2603,511
2604,487
260,486
2605,512
2606,483
2607,525
2608,502
2609,500
2610,490
2611,502
2612,502
2613,502
2614,516
261,482
2615,470
2616,490
2617,483
2618,514
2619,491
2620,493
2621,503
2622,516
2623,480
2624,500
262,492
2625,485
2626,495
2627,514
2628,481
2629,477
2630,500
2631,507
2632,504
2633,492
2634,490
263,510
2635,487
2636,485
2637,483
2638,495
2639,524
2640,481
2641,493
2642,505
2643,495
2644,512
264,502
2645,491
2646,499
2647,512
26,483
2648,498
2649,489
2650,512
2651,526
2652,518
2653,502
2654,480
265,506
2655,506
2656,482
2657,500
2658,496
2659,521
2660,506
2661,504
2662,497
2663,490
2664,484
266,497
2665,489
2666,478
2667,526
2668,486
2669,483
2670,494
2671,494
2672,507
2673,516
2674,505
267,488
2675,489
2676,512
2677,504
2678,527
2679,526
2680,526
2681,486
2682,502
2683,495
2684,513
268,515
2685,501
2686,482
2687,503
2688,461
2689,502
2690,497
2691,535
2692,502
2693,506
2694,528
269,521
2695,495
2696,521
2697,475
2698,498
2699,496
2700,501
2701,504
2702,490
2703,476
2704,482
270,486
2705,488
2706,485
2707,502
2708,508
2709,514
2710,493
2711,524
2712,506
2713,450
2714,512
271,497
2715,490
2716,496
2717,483
2718,514
2719,508
2720,489
2721,508
2722,472
2723,502
2724,520
272,501
2725,461
2726,522
2727,500
2728,509
2729,509
2730,501
2731,498
2732,512
2733,457
2734,483
273,520
2735,485
2736,513
2737,487
2738,474
2739,501
2740,463
2741,489
2742,495
2743,501
2744,525
274,525
2745,507
2746,488
2747,489
2748,472
2749,509
27,497
2750,491
2751,485
2752,493
2753,471
2754,496
275,473
2755,501
2756,489
2757,492
2758,517
2759,499
2760,514
2761,481
2762,485
2763,489
2764,505
276,518
2765,504
2766,504
2767,482
2768,468
2769,523
2770,484
2771,512
2772,527
2773,514
2774,514
277,529
2775,481
2776,485
2777,495
2778,506
2779,496
2780,501
2781,477
2782,534
2783,508
2784,526
278,497
2785,509
2786,488
2787,515
2788,505
2789,512
2790,500
2791,489
2792,511
2793,483
2794,482
279,489
2795,479
2796,481
2797,510
2798,491
2799,486
2800,501
2801,517
2802,455
2803,497
2804,507
280,475
2805,513
2806,496
2807,495
2808,513
2809,504
2810,493
2811,488
2812,481
2813,489
2814,510
281,512
2815,507
2816,479
2817,494
2818,500
2819,494
2820,506
2821,487
2822,499
2823,529
2824,497
282,479
2825,489
2826,494
2827,489
2828,473
2829,533
2830,501
2831,471
2832,492
2833,495
2834,494
283,517
2835,491
2836,515
2837,510
2838,482
2839,485
2840,486
2841,497
2842,516
2843,527
2844,473
284,485
2845,516
2846,476
2847,493
2848,503
28,486
2849,509
2850,490
2851,513
2852,500
2853,501
2854,488
285,507
2855,527
2856,476
2857,504
2858,497
2859,486
2860,506
2861,486
2862,486
2863,501
2864,502
286,519
2865,490
2866,526
2867,472
2868,480
2869,513
2870,527
2871,501
2872,489
2873,463
2874,471
287,504
2875,509
2876,486
2877,473
2878,495
2879,508
2880,468
2881,498
2882,478
2883,513
2884,501
288,504
2885,489
2886,499
2887,510
2888,481
2889,486
2890,500
2891,520
2892,492
2893,493
2894,508
289,509
2895,474
2896,458
2897,512
2898,507
2899,515
2900,483
2901,542
2902,493
2903,510
2904,526
290,490
2905,476
2906,490
2907,475
2908,483
2909,486
2910,495
2911,491
2912,550
2913,532
2914,484
291,503
2915,527
2916,511
2917,504
2918,500
2919,498
2920,485
2921,484
2922,487
2923,524
2924,523
292,488
2925,470
2926,479
2927,515
2928,509
2929,475
2930,476
2931,512
2932,472
2933,475
2934,496
293,475
2935,455
2936,491
2937,509
2938,498
2939,518
2940,509
2941,516
2942,528
2943,507
2944,505
294,487
2945,505
2946,481
2947,526
2948,530
2949,511
29,499
2950,497
2951,502
2952,504
2953,507
2954,485
295,472
2955,536
2956,503
2957,493
2958,503
2959,489
2960,511
2961,489
2962,482
2963,515
2964,466
296,502
2965,533
2966,483
2967,523
2968,512
2969,509
2970,491
2971,523
2972,487
2973,509
2974,501
297,516
2975,493
2976,507
2977,504
2978,485
2979,484
2980,480
2981,511
2982,508
2983,497
2984,498
298,504
2985,495
2986,483
2987,531
2988,509
2989,491
2990,491
2991,501
2992,509
2993,507
2994,508
299,512
2995,489
2996,539
2997,496
2998,481
2999,487
3000,497
3001,485
3002,505
3003,486
3004,504
300,511
3005,506
3006,499
3007,496
3008,503
3009,484
3010,500
3011,505
3012,487
3013,506
3014,496
301,506
3015,474
3016,473
3017,504
3018,483
3019,511
3020,510
3021,492
3022,490
3023,506
3024,499
302,500
3025,487
3026,491
3027,515
3028,510
3029,519
3030,483
3031,474
3032,509
3033,505
3034,505
303,487
3035,491
3036,507
3037,496
3038,503
3039,479
3040,495
3041,513
3042,500
3043,489
3044,511
304,513
3045,499
3046,500
3047,513
3048,515
3049,507
3050,507
3051,492
30,518
3052,490
3053,509
3054,494
305,517
3055,489
3056,517
3057,495
3058,542
3059,511
3060,516
3061,496
3062,510
3063,509
3064,479
306,510
3065,492
3066,532
3067,511
3068,519
3069,483
3070,480
3071,495
3072,516
3073,520
3074,519
307,484
3075,479
3076,524
3077,533
3078,494
3079,505
3080,493
3081,518
3082,493
3083,485
3084,502
308,496
3085,506
3086,510
3087,520
3088,515
3089,481
3090,492
3091,480
3092,497
3093,486
3094,494
309,499
3095,477
3096,501
3097,494
3098,489
3099,507
3100,483
3101,535
3102,488
3103,512
3104,496
310,505
3105,499
3106,492
3107,514
3108,480
3109,487
3110,523
3111,499
3112,499
3113,480
3114,527
311,482
3115,518
3116,503
3117,494
3118,505
3119,506
3120,511
3121,506
3122,510
3123,493
3124,509
312,495
3125,489
3126,494
3127,504
3128,505
3129,481
3130,530
3131,475
3132,496
3133,509
3134,499
313,485
3135,515
3136,522
3137,485
3138,496
3139,506
3140,525
3141,488
3142,491
3143,535
3144,495
314,506
3145,498
3146,528
3147,511
3148,484
31,492
3149,494
3150,492
3151,512
3152,467
3153,480
3154,491
315,494
3155,495
3156,484
3157,482
3158,487
3159,486
3160,502
3161,486
3162,494
3163,488
3164,500
316,498
3165,472
3166,514
3167,481
3168,516
3169,497
3170,532
3171,480
3172,479
3173,516
3174,534
317,493
3175,507
3176,529
3177,520
3178,470
3179,492
3180,494
3181,500
3182,505
3183,498
3184,505
318,484
3185,495
3186,514
3187,505
3188,496
3189,527
3190,504
3191,475
3192,491
3193,465
3194,505
319,514
3195,501
3196,516
3197,498
3198,471
3199,511
3200,475
3201,510
3202,501
3203,494
3204,480
320,495
3205,494
3206,476
3207,519
3208,496
3209,487
3210,500
3211,519
3212,510
3213,496
3214,513
321,492
3215,478
3216,500
3217,509
3218,492
3219,477
3220,538
3221,519
3222,500
3223,492
3224,515
322,488
3225,505
3226,499
3227,505
3228,521
3229,508
3230,524
3231,471
3232,482
3233,511
3234,507
323,504
3235,483
3236,489
3237,464
3238,517
3239,490
3240,481
3241,497
3242,466
3243,520
3244,527
324,494
3245,495
3246,468
3247,497
3248,493
32,486
3249,493
3250,506
3251,489
3252,513
3253,489
3254,517
325,522
3255,464
3256,505
3257,499
3258,494
3259,527
3260,502
3261,507
3262,526
3263,521
3264,481
326,493
3265,521
3266,482
3267,505
3268,502
3269,500
3270,492
3271,503
3272,482
3273,500
3274,545
327,493
3275,507
3276,500
3277,521
3278,480
3279,489
3280,503
3281,512
3282,487
3283,478
3284,510
328,503
3285,493
3286,515
3287,506
3288,490
3289,489
3290,497
3291,489
3292,506
3293,487
3294,514
329,488
3295,475
3296,494
3297,511
3298,499
3299,478
3300,513
3301,487
3302,512
3303,501
3304,477
330,509
3305,487
3306,490
3307,494
3308,470
3309,500
3310,490
3311,509
3312,488
3313,501
3314,512
331,499
3315,481
3316,494
3317,496
3318,509
3319,490
3320,516
3321,492
3322,500
3323,494
3324,503
332,521
3325,500
3326,470
3327,515
3328,509
3329,494
3330,483
3331,500
3332,488
3333,488
3334,538
333,493
3335,482
3336,532
3337,488
3338,490
3339,498
3340,511
3341,507
3342,503
3343,492
3344,524
334,497
3345,481
3346,525
3347,503
3348,489
3349,471
33,495
3350,490
3351,490
3352,490
3353,512
3354,487
335,497
3355,508
3356,513
3357,488
3358,522
3359,503
3360,531
3361,515
3362,516
3363,502
3364,494
336,512
3365,509
3366,482
3367,511
3368,511
3369,467
3370,499
3371,489
3372,497
3373,488
3374,500
337,492
3375,481
3376,492
3377,496
3378,535
3379,505
3380,500
3381,489
3382,496
3383,481
3384,508
338,465
3385,485
3386,499
3387,512
3388,498
3389,470
3390,480
3391,491
3392,493
3393,493
3394,499
339,485
3395,489
3396,491
3397,511
3398,503
3399,498
3400,486
3401,477
3402,490
3403,493
3404,480
340,517
3405,482
3406,471
3407,512
3408,509
3409,479
3410,517
3411,508
3412,517
3413,502
3414,499
341,508
3415,495
3416,486
3417,506
3418,493
3419,503
3420,517
3421,515
3422,513
3423,486
3424,501
342,494
3425,504
3426,519
3427,496
3428,508
3429,465
3430,500
3431,505
3432,486
3433,499
3434,469
343,491
3435,488
3436,490
3437,495
3438,488
3439,480
3440,489
3441,489
3442,506
3443,526
3444,493
344,496
3445,550
3446,491
3447,518
3448,506
3449,505
3450,485
3451,499
3452,491
34,528
3453,503
3454,493
345,540
3455,495
3456,489
3457,505
3458,473
3459,497
3460,503
3461,472
3462,502
3463,502
3464,473
346,499
3465,512
3466,512
3467,516
3468,502
3469,474
3470,487
3471,478
3472,517
3473,490
3474,517
347,473
3475,497
3476,480
3477,491
3478,510
3479,499
3480,498
3481,494
3482,515
3483,500
3484,471
348,501
3485,506
3486,527
3487,512
3488,523
3489,488
3490,495
3491,502
3492,481
3493,481
3494,486
349,503
3495,508
3496,507
3497,507
3498,488
3499,495
3500,502
3,501
3501,493
3502,505
3503,518
3504,492
350,490
3505,484
3506,485
3507,512
3508,522
3509,511
3510,471
3511,518
3512,489
3513,509
3514,496
351,518
3515,494
3516,512
3517,505
3518,474
3519,521
3520,514
3521,518
3522,510
3523,507
3524,502
352,512
3525,513
3526,510
3527,525
3528,506
3529,521
3530,506
3531,491
3532,515
3533,486
3534,477
353,492
3535,506
3536,515
3537,530
3538,517
3539,502
3540,498
3541,492
3542,512
3543,488
3544,498
354,522
3545,496
3546,467
3547,515
3548,496
3549,485
3550,506
35,508
3551,508
3552,478
3553,492
3554,485
355,487
3555,495
3556,507
3557,516
3558,496
3559,518
3560,505
3561,539
3562,502
3563,478
3564,481
356,478
3565,519
3566,512
3567,485
3568,490
3569,511
3570,536
3571,515
3572,488
3573,463
3574,483
357,523
3575,497
3576,500
3577,477
3578,505
3579,498
3580,469
3581,518
3582,516
3583,489
3584,516
358,512
3585,472
3586,504
3587,511
3588,482
3589,506
3590,520
3591,503
3592,509
3593,502
3594,492
359,509
3595,489
3596,492
3597,499
3598,554
3599,502
3600,503
3601,532
3602,498
3603,511
3604,497
360,466
3605,505
3606,490
3607,512
3608,486
3609,491
3610,512
3611,499
3612,475
3613,507
3614,522
361,501
3615,501
3616,513
3617,495
3618,514
3619,493
3620,518
3621,479
3622,485
3623,507
3624,484
362,493
3625,496
3626,505
3627,500
3628,534
3629,483
3630,502
3631,534
3632,499
3633,494
3634,507
363,488
3635,488
3636,525
3637,506
3638,505
3639,511
3640,501
3641,487
3642,501
3643,482
3644,503
364,485
3645,500
3646,502
3647,476
3648,485
3649,497
3650,510
36,506
3651,521
3652,510
3653,514
3654,485
365,512
3655,493
3656,487
3657,502
3658,518
3659,524
3660,495
3661,502
3662,483
3663,482
3664,510
366,508
3665,497
3666,519
3667,495
3668,522
3669,497
3670,515
3671,473
3672,511
3673,500
3674,509
367,497
3675,512
3676,514
3677,499
3678,495
3679,513
3680,496
3681,493
3682,516
3683,491
3684,510
368,499
3685,500
3686,523
3687,497
3688,497
3689,490
3690,513
3691,500
3692,499
3693,499
3694,498
369,499
3695,501
3696,531
3697,494
3698,478
3699,504
3700,492
3701,513
3702,510
3703,504
3704,512
370,504
3705,510
3706,506
3707,487
3708,476
3709,493
3710,511
3711,496
3712,496
3713,502
3714,505
371,473
3715,485
3716,495
3717,503
3718,481
3719,513
3720,483
3721,510
3722,503
3723,463
3724,503
372,501
3725,479
3726,527
3727,490
3728,497
3729,492
3730,492
3731,508
3732,533
3733,512
3734,498
373,463
3735,484
3736,520
3737,508
3738,498
3739,518
3740,494
3741,499
3742,521
3743,520
3744,492
374,499
3745,486
3746,526
3747,504
3748,509
37,494
3749,491
3750,497
3751,464
3752,502
3753,484
3754,474
375,478
3755,518
3756,468
3757,508
3758,504
3759,483
3760,501
3761,468
3762,498
3763,490
3764,515
376,528
3765,508
3766,503
3767,527
3768,502
3769,496
3770,499
3771,503
3772,508
3773,506
3774,505
377,512
3775,496
3776,503
3777,509
3778,515
3779,481
3780,516
3781,512
3782,490
3783,491
3784,513
378,509
3785,522
3786,496
3787,513
3788,502
3789,462
3790,493
3791,480
3792,506
3793,518
3794,509
379,518
3795,478
3796,492
3797,523
3798,504
3799,523
3800,486
3801,487
3802,492
3803,505
3804,519
380,509
3805,495
3806,470
3807,505
3808,530
3809,516
3810,489
3811,508
3812,513
3813,491
3814,513
381,523
3815,503
3816,498
3817,462
3818,519
3819,527
3820,486
3821,506
3822,504
3823,513
3824,504
382,480
3825,494
3826,497
3827,509
3828,509
3829,531
3830,502
3831,498
3832,478
3833,489
3834,471
383,503
3835,487
3836,478
3837,517
3838,506
3839,492
3840,467
3841,528
3842,482
3843,497
3844,499
384,481
3845,482
3846,515
3847,503
3848,465
38,493
3849,501
3850,523
3851,514
3852,479
3853,516
3854,517
385,516
3855,507
3856,477
3857,513
3858,512
3859,486
3860,484
3861,493
3862,483
3863,512
3864,497
386,508
3865,493
3866,482
3867,526
3868,513
3869,478
3870,521
3871,500
3872,505
3873,492
3874,491
387,497
3875,482
3876,505
3877,506
3878,511
3879,491
3880,504
3881,499
3882,510
3883,505
3884,489
388,501
3885,499
3886,499
3887,506
3888,517
3889,528
3890,537
3891,484
3892,468
3893,497
3894,514
389,507
3895,504
3896,499
3897,487
3898,525
3899,483
3900,495
3901,478
3902,510
3903,504
3904,514
390,513
3905,489
3906,512
3907,501
3908,492
3909,508
3910,495
3911,477
3912,497
3913,497
3914,491
391,492
3915,504
3916,503
3917,504
3918,496
3919,540
3920,490
3921,487
3922,501
3923,495
3924,518
392,494
3925,513
3926,513
3927,511
3928,491
3929,508
3930,517
3931,496
3932,509
3933,508
3934,467
393,524
3935,522
3936,521
3937,500
3938,497
3939,510
3940,516
3941,480
3942,514
3943,492
3944,506
394,502
3945,505
3946,469
3947,483
3948,489
3949,520
39,504
3950,480
3951,512
3952,532
3953,467
3954,495
395,471
3955,511
3956,502
3957,504
3958,473
3959,486
3960,521
3961,506
3962,493
3963,494
3964,488
396,494
3965,486
3966,482
3967,505
3968,496
3969,493
3970,461
3971,497
3972,513
3973,468
3974,496
397,513
3975,503
3976,513
3977,474
3978,498
3979,541
3980,492
3981,508
3982,493
3983,512
3984,482
398,495
3985,513
3986,512
3987,508
3988,508
3989,506
3990,492
3991,498
3992,504
3993,504
3994,497
399,479
3995,483
3996,489
3997,487
3998,509
3999,487
4000,519
4001,482
4002,513
4003,477
4004,500
400,487
4005,506
4006,505
4007,500
4008,504
4009,524
4010,510
4011,496
4012,492
4013,492
4014,496
401,494
4015,487
4016,523
4017,507
4018,529
4019,528
4020,499
4021,516
4022,511
4023,518
4024,508
402,531
4025,510
4026,485
4027,499
4028,490
4029,503
4030,454
4031,534
4032,489
4033,482
4034,479
403,501
4035,491
4036,537
4037,523
4038,477
4039,508
4040,494
4041,486
4042,493
4043,512
4044,479
404,516
4045,478
4046,503
4047,489
4048,495
4049,497
40,496
4050,467
4051,507
4052,487
4053,518
4054,496
405,478
4055,514
4056,493
4057,506
4058,516
4059,485
4060,502
4061,483
4062,501
4063,508
4064,495
406,481
4065,499
4066,497
4067,494
4068,527
4069,509
4070,523
4071,524
4072,518
4073,527
4074,500
407,519
4075,506
4076,499
4077,520
4078,481
4079,516
4080,513
4081,516
4082,515
4083,496
4084,489
408,506
4085,510
4086,496
4087,477
4088,501
4089,474
4090,507
4091,520
4092,486
4093,508
4094,524
409,543
4095,516
4096,499
4097,515
4098,504
4099,497
4100,523
4101,507
4102,506
4103,490
4104,502
410,526
4105,529
4106,518
4107,485
4108,498
4109,490
4110,509
4111,473
4112,457
4113,511
4114,497
411,516
4115,493
4116,487
4117,503
4118,503
4119,492
4120,516
4121,506
4122,476
4123,521
4124,518
412,479
4125,483
4126,487
4127,499
4128,472
4129,507
4130,523
4131,487
4132,481
4133,517
4134,494
413,487
4135,530
4136,512
4137,533
4138,485
4139,529
4140,511
4141,509
4142,497
4143,509
4144,499
414,530
4145,503
4146,474
4147,489
4148,509
4149,485
41,503
4150,495
4151,516
4152,500
4153,490
4154,504
415,509
4155,474
4156,511
4157,524
4158,498
4159,516
4160,504
4161,507
4162,486
4163,485
4164,502
416,515
4165,522
4166,502
4167,529
4168,505
4169,513
4170,502
4171,508
4172,507
4173,497
4174,492
417,462
4175,524
4176,510
4177,494
4178,490
4179,500
4180,489
4181,490
4182,470
4183,491
4184,499
418,520
4185,483
4186,518
4187,523
4188,517
4189,487
4190,488
4191,547
4192,509
4193,480
4194,489
419,508
4195,517
4196,497
4197,492
4198,488
4199,517
4200,482
4201,494
4202,488
4203,491
4204,521
420,523
4205,522
4206,466
4207,510
4208,498
4209,501
4210,498
4211,500
4212,516
4213,486
4214,468
421,478
4215,483
4216,486
4217,504
4218,493
4219,474
4220,507
4221,493
4222,483
4223,472
4224,491
422,486
4225,498
4226,488
4227,499
4228,494
4229,509
4230,498
4231,494
4232,499
4233,483
4234,503
423,497
4235,506
4236,499
4237,491
4238,484
4239,497
4240,489
4241,500
4242,508
4243,499
4244,509
424,503
4245,485
4246,520
4247,469
4248,504
42,491
4249,499
4250,491
4251,467
4252,488
4253,485
4254,481
425,511
4255,504
4256,513
4257,502
4258,467
4259,487
4260,492
4261,504
4262,495
4263,499
4264,505
426,488
4265,510
4266,495
4267,488
4268,502
4269,504
4270,491
4271,493
4272,506
4273,484
4274,507
427,503
4275,473
4276,500
4277,479
4278,501
4279,496
4280,519
4281,504
4282,502
4283,509
4284,489
428,494
4285,484
4286,501
4287,485
4288,492
4289,520
4290,510
4291,494
4292,523
4293,478
4294,505
429,511
4295,529
4296,485
4297,498
4298,504
4299,522
4300,523
4301,502
4302,488
4303,516
4304,495
430,466
4305,491
4306,511
4307,492
4308,491
4309,523
4310,488
4311,473
4312,509
4313,485
4314,511
431,482
4315,482
4316,503
4317,556
4318,506
4319,493
4320,465
4321,495
4322,475
4323,483
4324,482
432,523
4325,483
4326,496
4327,495
4328,518
4329,507
4330,493
4331,477
4332,495
4333,491
4334,504
433,495
4335,503
4336,476
4337,503
4338,483
4339,489
4340,481
4341,505
4342,497
4343,506
4344,507
434,496
4345,505
4346,494
4347,532
4348,472
43,485
4349,517
4350,520
4351,489
4352,513
4353,528
4354,488
435,507
4355,493
4356,478
4357,515
4358,515
4359,497
4360,472
4361,487
4362,487
4363,500
4364,503
436,496
4365,525
4366,512
4367,500
4368,532
4369,500
4370,495
4371,502
4372,496
4373,523
4374,523
437,504
4375,481
4376,463
4377,487
4378,543
4379,532
4380,497
4381,494
4382,522
4383,473
4384,500
438,509
4385,524
4386,524
4387,497
4388,536
4389,516
4390,493
4391,494
4392,488
4393,510
4394,508
439,498
4395,522
4396,472
4397,492
4398,528
4399,505
4400,491
4401,481
4402,480
4403,477
4404,498
440,507
4405,482
4406,507
4407,479
4408,463
4409,520
4410,487
4411,502
4412,475
4413,504
4414,518
441,506
4415,519
4416,481
4417,508
4418,491
4419,490
4420,490
4421,502
4422,524
4423,556
4424,483
442,525
4425,513
4426,499
4427,473
4428,503
4429,498
4430,487
4431,505
4432,497
4433,478
4434,484
443,483
4435,502
4436,460
4437,490
4438,515
4439,513
4440,511
4441,492
4442,457
4443,486
4444,501
444,511
4445,546
4446,513
4447,497
4448,487
4449,496
44,498
4450,519
4451,495
4452,484
4453,471
4454,509
445,495
4455,502
4456,490
4457,513
4458,480
4459,495
4460,488
4461,478
4462,503
4463,472
4464,486
446,500
4465,501
4466,489
4467,472
4468,501
4469,526
4470,509
4471,500
4472,486
4473,518
4474,493
447,511
4475,482
4476,518
4477,485
4478,515
4479,499
4480,485
4481,508
4482,489
4483,498
4484,530
448,499
4485,497
4486,487
4487,481
4488,483
4489,518
4490,511
4491,493
4492,496
4493,484
4494,508
449,500
4495,533
4496,515
4497,520
4498,517
4499,484
4,500
4500,468
4501,497
4502,481
4503,505
4504,496
450,491
4505,490
4506,488
4507,524
4508,482
4509,507
4510,483
4511,502
4512,506
4513,504
4514,481
451,508
4515,493
4516,489
4517,529
4518,510
4519,501
4520,467
4521,508
4522,499
4523,496
4524,494
452,510
4525,517
4526,482
4527,495
4528,519
4529,513
4530,501
4531,500
4532,478
4533,504
4534,513
453,491
4535,514
4536,485
4537,530
4538,506
4539,480
4540,510
4541,505
4542,509
4543,464
4544,515
454,494
4545,517
4546,546
4547,488
4548,495
4549,486
4550,502
4551,499
45,517
4552,504
4553,492
4554,500
455,519
4555,504
4556,479
4557,491
4558,462
4559,483
4560,491
4561,489
4562,488
4563,492
4564,489
456,500
4565,483
4566,499
4567,478
4568,490
4569,501
4570,513
4571,512
4572,499
4573,490
4574,539
457,490
4575,493
4576,504
4577,510
4578,484
4579,516
4580,488
4581,516
4582,511
4583,492
4584,501
458,490
4585,495
4586,514
4587,485
4588,508
4589,502
4590,503
4591,506
4592,530
4593,508
4594,504
459,541
4595,503
4596,524
4597,497
4598,506
4599,497
4600,531
4601,486
4602,499
4603,506
4604,507
460,522
4605,500
4606,505
4607,496
4608,502
4609,477
4610,480
4611,484
4612,512
4613,479
4614,503
461,528
4615,500
4616,496
4617,488
4618,516
4619,523
4620,500
4621,472
4622,502
4623,509
4624,478
462,520
4625,471
4626,511
4627,505
4628,476
4629,477
4630,509
4631,488
4632,494
4633,503
4634,489
463,515
4635,492
4636,507
4637,504
4638,482
4639,518
4640,512
4641,500
4642,499
4643,501
4644,501
464,495
4645,514
4646,510
4647,495
4648,497
46,492
4649,498
4650,506
4651,487
4652,497
4653,487
4654,489
465,514
4655,496
4656,501
4657,478
4658,491
4659,492
4660,492
4661,495
4662,506
4663,495
4664,486
466,480
4665,527
4666,495
4667,498
4668,502
4669,516
4670,484
4671,510
4672,494
4673,481
4674,517
467,479
4675,493
4676,491
4677,495
4678,495
4679,492
4680,498
4681,496
4682,493
4683,523
4684,493
468,500
4685,503
4686,492
4687,486
4688,487
4689,507
4690,496
4691,513
4692,495
4693,532
4694,516
469,484
4695,529
4696,480
4697,495
4698,495
4699,481
4700,519
4701,503
4702,496
4703,498
4704,536
470,479
4705,498
4706,485
4707,497
4708,514
4709,476
4710,495
4711,516
4712,499
4713,499
4714,521
471,511
4715,507
4716,498
4717,500
4718,505
4719,471
4720,493
4721,494
4722,516
4723,509
4724,486
472,498
4725,522
4726,504
4727,507
4728,526
4729,484
4730,487
4731,525
4732,504
4733,462
4734,499
473,489
4735,478
4736,494
4737,499
4738,501
4739,461
4740,489
4741,520
4742,493
4743,519
4744,514
474,495
4745,496
4746,509
4747,504
4748,514
4749,471
4750,514
47,506
4751,491
4752,510
4753,505
4754,488
475,513
4755,511
4756,477
4757,482
4758,489
4759,485
4760,497
4761,481
4762,525
4763,488
4764,497
476,499
4765,528
4766,476
4767,496
4768,485
4769,510
4770,486
4771,486
4772,497
4773,516
4774,506
477,505
4775,474
4776,509
4777,520
4778,497
4779,509
4780,499
4781,489
4782,514
4783,483
4784,536
478,497
4785,483
4786,502
4787,490
4788,527
4789,491
4790,500
4791,492
4792,506
4793,501
4794,516
479,511
4795,489
4796,498
4797,528
4798,495
4799,485
4800,514
4801,522
4802,481
4803,492
4804,519
480,501
4805,514
4806,486
4807,505
4808,491
4809,471
4810,479
4811,507
4812,497
4813,507
4814,514
481,498
4815,542
4816,507
4817,501
4818,526
4819,501
4820,494
4821,488
4822,534
4823,503
4824,498
482,532
4825,510
4826,482
4827,489
4828,478
4829,505
4830,454
4831,506
4832,513
4833,493
4834,482
483,496
4835,507
4836,524
4837,496
4838,516
4839,509
4840,520
4841,513
4842,513
4843,503
4844,524
484,481
4845,483
4846,497
4847,495
4848,502
48,494
4849,478
4850,510
4851,503
4852,506
4853,512
4854,471
485,479
4855,496
4856,518
4857,514
4858,502
4859,515
4860,520
4861,501
4862,469
4863,503
4864,482
486,486
4865,506
4866,492
4867,508
4868,496
4869,486
4870,513
4871,490
4872,512
4873,520
4874,507
487,493
4875,510
4876,519
4877,496
4878,496
4879,510
4880,489
4881,500
4882,518
4883,502
4884,478
488,501
4885,498
4886,504
4887,509
4888,496
4889,508
4890,488
4891,521
4892,506
4893,513
4894,506
489,507
4895,506
4896,463
4897,491
4898,504
4899,519
4900,521
4901,491
4902,495
4903,517
4904,498
490,487
4905,471
4906,509
4907,537
4908,496
4909,486
4910,474
4911,511
4912,511
4913,480
4914,518
491,492
4915,512
4916,472
4917,501
4918,497
4919,475
4920,511
4921,513
4922,495
4923,483
4924,518
492,465
4925,488
4926,509
4927,490
4928,474
4929,478
4930,512
4931,483
4932,518
4933,514
4934,548
493,502
4935,486
4936,507
4937,496
4938,505
4939,502
4940,518
4941,504
4942,505
4943,494
4944,509
494,491
4945,507
4946,506
4947,487
4948,525
4949,477
4950,496
4951,496
4952,479
49,525
4953,489
4954,495
495,487
4955,531
4956,503
4957,475
4958,488
4959,480
4960,536
4961,535
4962,503
4963,497
4964,484
496,522
4965,506
4966,481
4967,492
4968,514
4969,480
4970,518
4971,533
4972,486
4973,493
4974,516
497,491
4975,506
4976,490
4977,505
4978,498
4979,523
4980,513
4981,506
4982,499
4983,515
4984,505
498,470
4985,489
4986,502
4987,507
4988,510
4989,513
4990,492
4991,514
4992,504
4993,499
4994,511
499,484
4995,522
4996,488
4997,508
4998,496
4999,504
5000,520
5001,493
5002,500
5003,505
5004,484
500,495
5005,508
5006,522
5007,494
5008,518
5009,496
5010,512
5011,482
5012,488
5013,532
5014,480
501,482
5015,472
5016,513
5017,493
5018,499
5019,477
5020,491
5021,512
5022,496
5023,481
5024,489
502,491
5025,511
5026,529
5027,488
5028,508
5029,486
5030,511
5031,501
5032,480
5033,488
5034,490
503,499
5035,498
5036,473
5037,508
5038,519
5039,510
5040,488
5041,520
5042,483
5043,478
5044,494
504,505
5045,469
5046,488
5047,511
5048,518
5049,485
5050,497
50,510
5051,524
5052,492
5053,521
5054,499
505,517
5055,504
5056,524
5057,529
5058,522
5059,483
5060,531
5061,506
5062,487
5063,499
5064,503
506,519
5065,481
5066,506
5067,508
5068,494
5069,498
5070,506
5071,492
5072,498
5073,506
5074,467
507,503
5075,501
5076,463
5077,512
5078,510
5079,506
5080,527
5081,493
5082,513
5083,511
5084,487
508,497
5085,515
5086,537
5087,482
5088,548
5089,486
5090,493
5091,497
5092,505
5093,488
5094,483
509,490
5095,533
5096,515
5097,520
5098,504
5099,501
5100,487
5101,489
5102,496
5103,506
5104,502
510,524
5105,502
5106,505
5107,528
5108,485
5109,511
5110,492
5111,506
5112,493
5113,474
5114,497
511,494
5115,475
5116,481
5117,515
5118,479
5119,494
5120,502
5121,497
5122,487
5123,470
5124,501
512,491
5125,486
5126,528
5127,500
5128,512
5129,487
5130,509
5131,475
5132,494
5133,524
5134,508
513,496
5135,495
5136,494
5137,493
5138,521
5139,505
5140,521
5141,489
5142,490
5143,491
5144,507
514,500
5145,504
5146,491
5147,500
5148,499
5149,517
51,499
5150,514
5151,494
5152,533
5153,520
5154,488
515,519
5155,514
5156,496
5157,491
5158,517
5159,487
5160,493
5161,459
5162,513
5163,484
5164,499
516,498
5165,491
5166,482
5167,515
5168,505
5169,480
5170,513
5171,504
5172,518
5173,514
5174,535
517,521
5175,510
5176,504
5177,496
5178,455
5179,497
5180,495
5181,512
5182,458
5183,532
5184,488
518,489
5185,498
5186,492
5187,501
5188,492
5189,485
5190,496
5191,485
5192,508
5193,470
5194,515
519,509
5195,479
5196,511
5197,505
5198,523
5199,517
5200,485
5201,496
5202,524
5203,501
5204,506
520,472
5205,483
5206,479
5207,478
5208,495
5209,528
5210,473
5211,505
5212,513
5213,513
5214,476
521,508
5215,521
5216,495
5217,515
5218,508
5219,492
5220,480
5221,499
5222,478
5223,504
5224,496
522,470
5225,478
5226,524
5227,484
5228,494
5229,497
5230,501
5231,496
5232,495
5233,516
5234,512
523,494
5235,479
5236,526
5237,487
5238,470
5239,502
5240,503
5241,497
5242,508
5243,493
5244,516
524,485
5245,489
5246,504
5247,501
5248,513
5249,487
52,496
5250,491
5251,521
5252,472
5253,527
5254,459
525,498
5255,515
5256,483
5257,500
5258,521
5259,502
5260,518
5261,526
5262,535
5263,484
5264,518
526,478
5265,501
5266,509
5267,501
5268,493
5269,493
5270,483
5271,497
5272,494
5273,471
5274,483
527,494
5275,500
5276,488
5277,471
5278,494
5279,490
5280,472
5281,471
5282,478
5283,484
5284,518
528,497
5285,469
5286,504
5287,475
5288,517
5289,482
5290,500
5291,513
5292,513
5293,496
5294,490
529,496
5295,494
5296,506
5297,482
5298,510
5299,450
5300,512
5301,487
5302,513
5303,480
5304,520
530,500
5305,522
5306,489
5307,488
5308,514
5309,495
5310,504
5311,507
5312,508
5313,493
5314,492
531,535
5315,491
5316,509
5317,506
5318,526
5319,511
5320,488
5321,536
5322,515
5323,506
5324,516
532,501
5325,508
5326,500
5327,455
5328,504
5329,512
5330,480
5331,490
5332,500
5333,505
5334,472
533,517
5335,496
5336,475
5337,497
5338,480
5339,520
5340,515
5341,521
5342,499
5343,518
5344,485
534,499
5345,512
5346,505
5347,493
5348,514
5349,489
53,501
5350,498
5351,488
5352,499
5353,535
5354,509
535,494
5355,516
5356,485
5357,488
5358,509
5359,474
5360,506
5361,527
5362,510
5363,464
5364,501
536,529
5365,482
5366,502
5367,504
5368,498
5369,478
5370,532
5371,518
5372,494
5373,509
5374,502
537,522
5375,541
5376,491
5377,483
5378,483
5379,490
5380,505
5381,513
5382,528
5383,506
5384,478
538,478
5385,515
5386,500
5387,487
5388,487
5389,465
5390,491
5391,495
5392,505
5393,489
5394,479
539,517
5395,500
5396,490
5397,498
5398,521
5399,495
5400,503
5401,492
5402,493
5403,461
5404,510
540,498
5405,509
5406,483
5407,511
5408,508
5409,504
5410,493
5411,480
5412,513
5413,524
5414,497
541,498
5415,499
5416,482
5417,499
5418,521
5419,515
5420,504
5421,517
5422,499
5423,505
5424,516
542,497
5425,517
5426,501
5427,522
5428,484
5429,508
5430,488
5431,517
5432,502
5433,499
5434,510
543,511
5435,491
5436,511
5437,523
5438,511
5439,498
5440,502
5441,492
5442,516
5443,514
5444,478
544,508
5445,497
5446,508
5447,488
5448,499
5449,485
5450,506
5451,485
54,515
5452,473
5453,485
5454,491
545,501
5455,501
5456,497
5457,517
5458,508
5459,475
5460,498
5461,509
5462,497
5463,511
5464,497
546,538
5465,535
5466,507
5467,495
5468,493
5469,510
5470,468
5471,526
5472,515
5473,489
5474,485
547,474
5475,514
5476,505
5477,515
5478,519
5479,499
5480,492
5481,477
5482,521
5483,512
5484,489
548,504
5485,524
5486,523
5487,493
5488,517
5489,486
5490,491
5491,496
5492,520
5493,502
5494,535
549,503
5495,490
5496,503
5,497
5497,486
5498,524
5499,476
5500,501
5501,475
5502,464
5503,488
5504,467
550,523
5505,522
5506,469
5507,497
5508,513
5509,505
5510,530
5511,494
5512,524
5513,489
5514,501
551,506
5515,501
5516,515
5517,517
5518,510
5519,485
5520,543
5521,503
5522,494
5523,509
5524,476
552,513
5525,496
5526,537
5527,518
5528,491
5529,482
5530,474
5531,516
5532,515
5533,505
5534,488
553,502
5535,517
5536,486
5537,494
5538,499
5539,481
5540,522
5541,506
5542,518
5543,498
5544,511
554,466
5545,543
5546,500
5547,487
5548,503
55,493
5549,488
5550,511
5551,493
5552,503
5553,498
5554,468
555,488
5555,525
5556,476
5557,492
5558,498
5559,485
5560,493
5561,513
5562,478
5563,487
5564,517
556,459
5565,475
5566,481
5567,482
5568,508
5569,502
5570,510
5571,505
5572,505
5573,516
5574,469
557,484
5575,521
5576,491
5577,484
5578,481
5579,506
5580,471
5581,479
5582,500
5583,518
5584,503
558,526
5585,492
5586,485
5587,489
5588,520
5589,495
5590,498
5591,493
5592,494
5593,479
5594,476
559,500
5595,520
5596,499
5597,498
5598,485
5599,508
5600,487
5601,508
5602,493
5603,495
5604,501
560,500
5605,486
5606,483
5607,504
5608,490
5609,518
5610,493
5611,513
5612,515
5613,505
5614,512
561,497
5615,484
5616,504
5617,493
5618,498
5619,483
5620,491
5621,485
5622,507
5623,506
5624,488
562,462
5625,514
5626,489
5627,483
5628,486
5629,530
5630,510
5631,539
5632,490
5633,498
5634,508
563,515
5635,465
5636,488
5637,500
5638,513
5639,494
5640,468
5641,534
5642,526
5643,482
5644,497
564,475
5645,487
5646,509
5647,507
5648,440
56,494
5649,478
5650,512
5651,534
5652,518
5653,500
5654,488
565,495
5655,501
5656,502
5657,508
5658,492
5659,552
5660,508
5661,500
5662,495
5663,508
5664,498
566,480
5665,503
5666,489
5667,473
5668,530
5669,542
5670,493
5671,490
5672,498
5673,495
5674,496
567,501
5675,504
5676,491
5677,475
5678,515
5679,496
5680,533
5681,494
5682,507
5683,508
5684,480
568,495
5685,503
5686,496
5687,512
5688,506
5689,482
5690,527
5691,504
5692,500
5693,506
5694,476
569,494
5695,513
5696,500
5697,501
5698,514
5699,506
5700,493
5701,513
5702,476
5703,507
5704,512
570,526
5705,467
5706,487
5707,516
5708,507
5709,515
5710,501
5711,487
5712,485
5713,486
5714,486
571,499
5715,515
5716,480
5717,497
5718,475
5719,447
5720,504
5721,479
5722,511
5723,491
5724,548
572,509
5725,493
5726,478
5727,469
5728,488
5729,501
5730,489
5731,516
5732,505
5733,521
5734,502
573,492
5735,482
5736,497
5737,526
5738,526
5739,499
5740,497
5741,539
5742,486
5743,498
5744,526
574,523
5745,513
5746,492
5747,486
5748,496
5749,497
57,499
5750,519
5751,511
5752,492
5753,490
5754,496
575,506
5755,517
5756,494
5757,489
5758,495
5759,502
5760,533
5761,511
5762,497
5763,494
5764,482
576,499
5765,504
5766,502
5767,477
5768,502
5769,514
5770,486
5771,501
5772,521
5773,505
5774,496
577,514
5775,517
5776,490
5777,494
5778,480
5779,516
5780,492
5781,501
5782,481
5783,488
5784,487
578,514
5785,505
5786,492
5787,480
5788,522
5789,495
5790,484
5791,481
5792,497
5793,508
5794,483
579,515
5795,484
5796,501
5797,480
5798,490
5799,494
5800,497
5801,500
5802,467
5803,490
5804,487
580,467
5805,487
5806,493
5807,496
5808,475
5809,489
5810,484
5811,521
5812,500
5813,499
5814,493
581,496
5815,504
5816,507
5817,496
5818,507
5819,480
5820,499
5821,512
5822,485
5823,519
5824,528
582,512
5825,516
5826,499
5827,512
5828,504
5829,479
5830,483
5831,505
5832,510
5833,505
5834,527
583,507
5835,528
5836,483
5837,497
5838,487
5839,500
5840,508
5841,479
5842,533
5843,526
5844,514
584,482
5845,511
5846,483
5847,504
5848,526
5849,497
58,497
5850,505
5851,487
5852,513
5853,486
5854,510
585,499
5855,502
5856,494
5857,483
5858,498
5859,497
5860,479
5861,500
5862,509
5863,459
5864,492
586,496
5865,513
5866,489
5867,497
5868,502
5869,523
5870,501
5871,528
5872,485
5873,500
5874,486
587,507
5875,496
5876,526
5877,479
5878,496
5879,511
5880,485
5881,499
5882,519
5883,513
5884,518
588,492
5885,509
5886,493
5887,501
5888,504
5889,500
5890,503
5891,473
5892,478
5893,482
5894,499
589,496
5895,488
5896,494
5897,496
5898,506
5899,515
5900,494
5901,482
5902,489
5903,521
5904,497
590,494
5905,511
5906,514
5907,480
5908,467
5909,498
5910,494
5911,505
5912,491
5913,502
5914,513
591,496
5915,519
5916,506
5917,500
5918,516
5919,526
5920,490
5921,503
5922,501
5923,515
5924,493
592,504
5925,491
5926,488
5927,495
5928,530
5929,522
5930,499
5931,514
5932,484
5933,475
5934,495
593,490
5935,494
5936,493
5937,491
5938,519
5939,524
5940,490
5941,520
5942,549
5943,516
5944,474
594,496
5945,504
5946,491
5947,492
5948,503
59,493
5949,495
5950,518
5951,524
5952,475
5953,479
5954,480
595,526
5955,520
5956,491
5957,462
5958,505
5959,490
5960,479
5961,470
5962,514
5963,486
5964,532
596,504
5965,481
5966,518
5967,495
5968,479
5969,484
5970,502
5971,482
5972,493
5973,476
5974,485
597,495
5975,512
5976,491
5977,482
5978,509
5979,493
5980,537
5981,463
5982,517
5983,502
5984,504
598,474
5985,487
5986,510
5987,515
5988,518
5989,485
5990,530
5991,487
5992,496
5993,487
5994,502
599,529
5995,493
5996,507
5997,526
5998,497
5999,501
6000,496
6001,477
6002,481
6003,498
6004,536
600,502
6005,514
6006,465
6007,483
6008,484
6009,517
6010,505
6011,507
6012,496
6013,501
6014,498
601,515
6015,475
6016,495
6017,481
6018,476
6019,498
6020,477
6021,522
6022,510
6023,499
6024,469
602,474
6025,510
6026,495
6027,513
6028,502
6029,490
6030,522
6031,484
6032,501
6033,516
6034,499
603,496
6035,503
6036,513
6037,538
6038,513
6039,534
6040,481
6041,526
6042,493
6043,527
6044,518
604,510
6045,521
6046,512
6047,511
6048,479
6049,491
60,505
6050,507
6051,520
6052,498
6053,475
6054,498
605,487
6055,519
6056,477
6057,509
6058,491
6059,476
6060,518
6061,516
6062,503
6063,510
6064,484
606,486
6065,483
6066,508
6067,495
6068,493
6069,528
6070,514
6071,521
6072,493
6073,484
6074,514
607,499
6075,473
6076,526
6077,496
6078,480
6079,491
6080,480
6081,500
6082,482
6083,487
6084,482
608,504
6085,547
6086,505
6087,522
6088,538
6089,515
6090,508
6091,510
6092,522
6093,530
6094,525
609,491
6095,508
6096,505
6097,512
6098,495
6099,516
6100,511
6101,515
6102,501
6103,508
6104,484
610,512
6105,492
6106,511
6107,501
6108,495
6109,526
6110,495
6111,508
6112,486
6113,496
6114,500
611,496
6115,486
6116,481
6117,497
6118,489
6119,506
6120,480
6121,510
6122,510
6123,511
6124,472
612,522
6125,506
6126,499
6127,491
6128,504
6129,507
6130,492
6131,503
6132,505
6133,519
6134,504
613,515
6135,490
6136,466
6137,452
6138,495
6139,500
6140,480
6141,501
6142,482
6143,475
6144,488
614,494
6145,514
6146,489
6147,510
6148,493
6149,498
6150,505
61,512
6151,504
6152,475
6153,487
6154,516
615,481
6155,504
6156,469
6157,534
6158,509
6159,488
6160,483
6161,503
6162,499
6163,529
6164,492
616,493
6165,482
6166,521
6167,500
6168,510
6169,497
6170,506
6171,539
6172,468
6173,502
6174,524
617,477
6175,470
6176,517
6177,484
6178,504
6179,505
6180,508
6181,488
6182,477
6183,498
6184,481
618,477
6185,486
6186,511
6187,499
6188,503
6189,515
6190,532
6191,487
6192,485
6193,512
6194,497
619,515
6195,478
6196,497
6197,467
6198,483
6199,506
6200,493
6201,510
6202,492
6203,489
6204,501
620,499
6205,494
6206,490
6207,508
6208,485
6209,461
6210,513
6211,507
6212,509
6213,504
6214,476
621,516
6215,481
6216,484
6217,504
6218,498
6219,538
6220,510
6221,507
6222,500
6223,465
6224,498
622,497
6225,526
6226,494
6227,522
6228,504
6229,481
6230,470
6231,484
6232,498
6233,479
6234,495
623,475
6235,496
6236,487
6237,494
6238,486
6239,496
6240,487
6241,478
6242,504
6243,512
6244,493
624,479
6245,495
6246,493
6247,488
62,482
6248,503
6249,499
6250,514
6251,481
6252,478
6253,519
6254,509
625,488
6255,501
6256,487
6257,502
6258,514
6259,503
6260,528
6261,518
6262,506
6263,528
6264,513
626,486
6265,480
6266,492
6267,545
6268,517
6269,484
6270,492
6271,504
6272,522
6273,488
6274,514
627,508
6275,495
6276,491
6277,526
6278,533
6279,510
6280,512
6281,505
6282,528
6283,519
6284,492
628,500
6285,457
6286,483
6287,503
6288,541
6289,478
6290,485
6291,493
6292,478
6293,511
6294,501
629,506
6295,501
6296,491
6297,480
6298,483
6299,465
6300,473
6301,522
6302,516
6303,503
6304,519
630,500
6305,511
6306,491
6307,504
6308,500
6309,497
6310,495
6311,503
6312,489
6313,529
6314,475
631,512
6315,490
6316,478
6317,482
6318,474
6319,509
6320,515
6321,510
6322,519
6323,494
6324,520
632,514
6325,492
6326,487
6327,522
6328,500
6329,484
6330,486
6331,510
6332,496
6333,501
6334,520
633,483
6335,493
6336,497
6337,468
6338,494
6339,517
6340,501
6341,480
6342,492
6343,497
6344,478
634,502
6345,475
6346,501
6347,502
6348,486
6349,470
63,503
6350,501
6351,482
6352,500
6353,501
6354,496
635,508
6355,518
6356,490
6357,505
6358,494
6359,494
6360,519
6361,495
6362,518
6363,525
6364,487
636,518
6365,502
6366,492
6367,507
6368,478
6369,510
6370,516
6371,500
6372,476
6373,492
6374,523
637,486
6375,521
6376,523
6377,492
6378,472
6379,481
6380,470
6381,523
6382,481
6383,508
6384,510
638,490
6385,493
6386,497
6387,503
6388,498
6389,528
6390,489
6391,497
6392,510
6393,488
6394,509
639,487
6395,507
6396,511
6397,491
6398,510
6399,482
6400,500
6401,507
6402,503
6403,511
6404,505
640,507
6405,481
6406,498
6407,487
6408,517
6409,508
6410,496
6411,525
6412,496
6413,530
6414,486
641,509
6415,471
6416,502
6417,502
6418,479
6419,495
6420,494
6421,483
6422,506
6423,505
6424,481
642,528
6425,523
6426,522
6427,492
6428,485
6429,508
6430,524
6431,470
6432,503
6433,496
6434,511
643,522
6435,502
6436,495
6437,516
6438,519
6439,509
6440,503
6441,488
6442,497
6443,495
6444,540
644,490
6445,524
6446,479
6447,490
6448,485
6449,522
64,505
6450,527
6451,523
6452,509
6453,514
6454,477
645,484
6455,502
6456,508
6457,501
6458,498
6459,505
6460,483
6461,527
6462,491
6463,496
6464,510
646,491
6465,479
6466,514
6467,505
6468,506
6469,500
6470,494
6471,492
6472,473
6473,501
6474,527
647,495
6475,529
6476,500
6477,481
6478,529
6479,504
6480,509
6481,461
6482,492
6483,503
6484,515
648,460
6485,487
6486,506
6487,480
6488,516
6489,504
6490,493
6491,487
6492,485
6493,488
6494,487
649,494
6495,474
6496,501
6497,528
6498,505
6499,496
6500,467
6501,487
6502,501
6503,502
6504,505
650,490
6,505
6505,499
6506,466
6507,515
6508,496
6509,534
6510,493
6511,490
6512,500
6513,512
6514,500
651,534
6515,502
6516,514
6517,496
6518,508
6519,524
6520,482
6521,515
6522,492
6523,531
6524,505
652,485
6525,518
6526,521
6527,517
6528,521
6529,501
6530,519
6531,496
6532,494
6533,520
6534,514
653,501
6535,495
6536,510
6537,503
6538,499
6539,497
6540,519
6541,489
6542,485
6543,469
6544,514
654,484
6545,473
6546,524
6547,490
6548,512
6549,481
6550,489
65,506
6551,506
6552,508
6553,477
6554,480
655,514
6555,508
6556,469
6557,486
6558,514
6559,494
6560,524
6561,503
6562,488
6563,504
6564,515
656,501
6565,509
6566,505
6567,499
6568,508
6569,467
6570,501
6571,490
6572,476
6573,484
6574,509
657,515
6575,492
6576,479
6577,523
6578,510
6579,502
6580,480
6581,508
6582,488
6583,490
6584,515
658,507
6585,478
6586,513
6587,509
6588,514
6589,475
6590,521
6591,507
6592,504
6593,488
6594,495
659,489
6595,481
6596,493
6597,498
6598,508
6599,505
6600,473
6601,501
6602,474
6603,498
6604,514
660,508
6605,498
6606,490
6607,503
6608,512
6609,497
6610,493
6611,484
6612,494
6613,476
6614,509
661,494
6615,501
6616,494
6617,485
6618,502
6619,500
6620,489
6621,481
6622,519
6623,498
6624,482
662,480
6625,502
6626,480
6627,514
6628,516
6629,505
6630,486
6631,494
6632,518
6633,533
6634,502
663,502
6635,506
6636,487
6637,502
6638,486
6639,514
6640,502
6641,495
6642,482
6643,524
6644,518
664,498
6645,473
6646,485
6647,520
6648,525
6649,508
66,496
6650,502
6651,529
6652,481
6653,480
6654,481
665,497
6655,522
6656,511
6657,512
6658,509
6659,475
6660,483
6661,493
6662,512
6663,495
6664,512
666,490
6665,489
6666,527
6667,487
6668,507
6669,498
6670,470
6671,499
6672,498
6673,520
6674,513
667,474
6675,490
6676,483
6677,526
6678,509
6679,500
6680,491
6681,482
6682,510
6683,505
6684,464
668,529
6685,497
6686,478
6687,520
6688,489
6689,490
6690,503
6691,525
6692,503
6693,503
6694,520
669,507
6695,511
6696,523
6697,487
6698,518
6699,523
6700,487
6701,504
6702,514
6703,510
6704,505
670,492
6705,503
6706,509
6707,504
6708,510
6709,485
6710,493
6711,490
6712,527
6713,506
6714,508
671,498
6715,498
6716,486
6717,484
6718,512
6719,489
6720,515
6721,488
6722,503
6723,524
6724,472
672,515
6725,487
6726,495
6727,496
6728,491
6729,508
6730,496
6731,469
6732,520
6733,480
6734,493
673,493
6735,502
6736,498
6737,514
6738,510
6739,517
6740,523
6741,514
6742,479
6743,494
6744,518
674,490
6745,480
6746,511
6747,506
6748,505
67,488
6749,492
6750,509
6751,498
6752,510
6753,491
6754,474
675,491
6755,487
6756,520
6757,492
6758,485
6759,519
6760,512
6761,510
6762,502
6763,508
6764,521
676,517
6765,497
6766,522
6767,507
6768,491
6769,487
6770,485
6771,511
6772,484
6773,499
6774,503
677,495
6775,503
6776,520
6777,492
6778,492
6779,510
6780,501
6781,511
6782,533
6783,506
6784,519
678,486
6785,499
6786,472
6787,502
6788,490
6789,498
6790,499
6791,528
6792,503
6793,510
6794,489
679,520
6795,477
6796,517
6797,501
6798,470
6799,497
6800,518
6801,468
6802,512
6803,508
6804,463
680,507
6805,491
6806,521
6807,506
6808,465
6809,496
6810,486
6811,504
6812,499
6813,513
6814,513
681,513
6815,502
6816,496
6817,501
6818,534
6819,481
6820,485
6821,513
6822,496
6823,500
6824,499
682,512
6825,492
6826,518
6827,495
6828,500
6829,525
6830,504
6831,483
6832,513
6833,504
6834,470
683,485
6835,500
6836,502
6837,524
6838,479
6839,536
6840,491
6841,485
6842,510
6843,505
6844,512
684,499
6845,508
6846,498
6847,488
6848,510
6849,505
68,497
6850,479
6851,478
6852,497
6853,506
6854,499
685,489
6855,499
6856,530
6857,493
6858,481
6859,499
6860,489
6861,511
6862,498
6863,501
6864,512
686,506
6865,489
6866,524
6867,499
6868,507
6869,525
6870,484
6871,472
6872,483
6873,499
6874,518
687,521
6875,501
6876,499
6877,465
6878,518
6879,493
6880,483
6881,497
6882,501
6883,518
6884,486
688,529
6885,499
6886,474
6887,522
6888,498
6889,516
6890,495
6891,497
6892,483
6893,513
6894,501
689,521
6895,506
6896,486
6897,514
6898,495
6899,479
6900,497
6901,499
6902,495
6903,518
6904,478
690,486
6905,517
6906,498
6907,520
6908,521
6909,510
6910,511
6911,484
6912,494
6913,490
6914,492
691,515
6915,493
6916,483
6917,517
6918,499
6919,495
6920,499
6921,527
6922,519
6923,515
6924,480
692,496
6925,518
6926,499
6927,505
6928,488
6929,509
6930,502
6931,495
6932,506
6933,478
6934,524
693,491
6935,497
6936,483
6937,513
6938,501
6939,499
6940,494
6941,502
6942,499
6943,512
6944,502
694,520
6945,488
6946,508
6947,517
6948,493
6949,490
69,504
6950,511
6951,521
6952,494
6953,503
6954,539
695,479
6955,517
6956,523
6957,516
6958,482
6959,493
6960,493
6961,507
6962,513
6963,489
6964,523
696,484
6965,524
6966,503
6967,507
6968,517
6969,490
6970,501
6971,498
6972,506
6973,487
6974,498
697,490
6975,536
6976,493
6977,493
6978,496
6979,535
6980,521
6981,492
6982,474
6983,493
6984,514
698,514
6985,481
6986,496
6987,499
6988,525
6989,505
6990,535
6991,474
6992,499
6993,494
6994,494
699,482
6995,492
6996,500
6997,495
6998,498
6999,469
7000,464
7001,512
7002,473
7003,511
7004,500
700,480
7005,521
7006,490
7007,478
7008,528
7009,524
7010,496
7011,505
7012,495
7013,495
7014,521
701,493
7015,513
7016,482
7017,491
7018,503
7019,490
7020,495
7021,504
7022,489
7023,471
7024,523
702,505
7025,491
7026,516
7027,477
7028,476
7029,521
7030,477
7031,494
7032,505
7033,515
7034,506
703,502
7035,494
7036,473
7037,484
7038,505
7039,508
7040,488
7041,517
7042,487
7043,482
7044,510
704,461
7045,491
7046,495
7047,538
7048,485
7049,493
7050,524
70,514
7051,528
7052,458
7053,523
7054,494
705,485
7055,492
7056,514
7057,515
7058,504
7059,531
7060,504
7061,511
7062,503
7063,549
7064,499
706,498
7065,499
7066,483
7067,510
7068,518
7069,479
7070,506
7071,481
7072,477
7073,486
7074,527
707,513
7075,513
7076,503
7077,468
7078,510
7079,496
7080,511
7081,496
7082,528
7083,518
7084,494
708,484
7085,502
7086,512
7087,510
7088,505
7089,498
7090,495
7091,496
7092,504
7093,500
7094,488
709,518
7095,492
7096,499
7097,519
7098,516
7099,479
7100,493
7101,503
7102,505
7103,494
7104,514
710,506
7105,511
7106,482
7107,494
7108,522
7109,498
7110,494
7111,556
7112,513
7113,482
7114,541
711,500
7115,515
7116,466
7117,519
7118,501
7119,514
7120,510
7121,548
7122,514
7123,520
7124,477
712,478
7125,498
7126,500
7127,488
7128,512
7129,486
7130,490
7131,493
7132,473
7133,507
7134,497
713,520
7135,523
7136,496
7137,482
7138,471
7139,491
7140,499
7141,501
7142,504
7143,533
7144,504
714,493
7145,519
7146,513
7147,507
71,484
7148,505
7149,533
7150,511
7151,492
7152,487
7153,509
7154,490
715,508
7155,520
7156,490
7157,504
7158,508
7159,513
7160,524
7161,495
7162,493
7163,512
7164,494
716,529
7165,485
7166,518
7167,488
7168,499
7169,505
7170,473
7171,494
7172,485
7173,494
7174,495
717,495
7175,513
7176,516
7177,513
7178,505
7179,502
7180,516
7181,520
7182,476
7183,485
7184,488
718,512
7185,499
7186,488
7187,515
7188,497
7189,497
7190,499
7191,510
7192,509
7193,500
7194,475
719,500
7195,500
7196,509
7197,489
7198,481
7199,515
7200,474
7201,500
7202,503
7203,507
7204,495
720,497
7205,518
7206,491
7207,498
7208,513
7209,512
7210,504
7211,481
7212,512
7213,498
7214,499
721,486
7215,542
7216,503
7217,503
7218,503
7219,520
7220,480
7221,495
7222,494
7223,477
7224,506
722,513
7225,487
7226,503
7227,501
7228,512
7229,522
7230,489
7231,520
7232,486
7233,499
7234,497
723,513
7235,515
7236,465
7237,511
7238,500
7239,505
7240,491
7241,525
7242,517
7243,511
7244,519
724,483
7245,493
7246,462
7247,454
7248,502
7249,489
7250,492
7251,485
72,522
7252,520
7253,508
7254,490
725,532
7255,503
7256,489
7257,486
7258,496
7259,523
7260,480
7261,497
7262,503
7263,505
7264,477
726,483
7265,485
7266,486
7267,524
7268,525
7269,511
7270,508
7271,515
7272,518
7273,511
7274,510
727,516
7275,495
7276,522
7277,499
7278,509
7279,499
7280,483
7281,496
7282,510
7283,507
7284,508
728,498
7285,498
7286,482
7287,495
7288,486
7289,486
7290,536
7291,513
7292,483
7293,520
7294,489
729,504
7295,468
7296,510
7297,514
7298,515
7299,486
7300,502
7301,482
7302,496
7303,501
7304,506
730,504
7305,526
7306,490
7307,499
7308,493
7309,517
7310,462
7311,474
7312,505
7313,508
7314,491
731,477
7315,514
7316,518
7317,509
7318,491
7319,507
7320,484
7321,504
7322,484
7323,483
7324,512
732,511
7325,498
7326,478
7327,493
7328,518
7329,497
7330,507
7331,545
7332,507
7333,485
7334,496
733,521
7335,510
7336,506
7337,484
7338,491
7339,482
7340,516
7341,527
7342,486
7343,492
7344,490
734,503
7345,512
7346,527
7347,505
7348,499
7349,491
7350,508
73,507
7351,492
7352,485
7353,504
7354,485
735,500
7355,487
7356,523
7357,504
7358,516
7359,522
7360,493
7361,511
7362,528
7363,489
7364,518
736,505
7365,491
7366,518
7367,485
7368,486
7369,493
7370,520
7371,495
7372,523
7373,526
7374,496
737,511
7375,519
7376,495
7377,485
7378,472
7379,472
7380,506
7381,490
7382,492
7383,502
7384,476
738,506
7385,486
7386,519
7387,483
7388,489
7389,501
7390,485
7391,473
7392,470
7393,523
7394,538
739,498
7395,482
7396,519
7397,515
7398,507
7399,497
7400,487
7401,507
7402,496
7403,467
7404,502
740,500
7405,502
7406,478
7407,489
7408,516
7409,490
7410,478
7411,525
7412,511
7413,485
7414,482
741,502
7415,519
7416,498
7417,482
7418,502
7419,477
7420,509
7421,499
7422,495
7423,512
7424,517
742,531
7425,502
7426,505
7427,526
7428,524
7429,506
7430,523
7431,493
7432,509
7433,512
7434,515
743,504
7435,500
7436,521
7437,492
7438,503
7439,527
7440,479
7441,498
7442,500
7443,473
7444,488
744,479
7445,502
7446,518
7447,537
7448,479
7449,501
74,498
7450,497
7451,484
7452,529
7453,502
7454,479
745,486
7455,520
7456,475
7457,476
7458,474
7459,498
7460,492
7461,497
7462,502
7463,505
7464,503
746,521
7465,532
7466,477
7467,501
7468,497
7469,504
7470,491
7471,480
7472,487
7,473
7473,498
7474,510
747,484
7475,497
7476,516
7477,502
7478,497
7479,492
7480,497
7481,477
7482,503
7483,492
7484,535
748,523
7485,526
7486,513
7487,526
7488,483
7489,530
7490,505
7491,513
7492,496
7493,499
7494,509
749,477
7495,510
7496,505
7497,480
7498,495
7499,526
7500,504
7501,524
7502,481
7503,495
7504,476
750,510
7505,497
7506,507
7507,506
7508,498
7509,484
7510,506
7511,506
7512,492
7513,504
7514,489
751,492
7515,511
7516,533
7517,494
7518,533
7519,477
7520,508
7521,487
7522,501
7523,496
7524,483
752,484
7525,501
7526,504
7527,525
7528,487
7529,486
7530,493
7531,511
7532,514
7533,483
7534,505
753,510
7535,477
7536,513
7537,506
7538,518
7539,471
7540,497
7541,476
7542,495
7543,496
7544,502
754,500
7545,529
7546,484
7547,503
75,485
7548,535
7549,470
7550,495
7551,535
7552,480
7553,489
7554,506
755,501
7555,496
7556,496
7557,521
7558,488
7559,502
7560,525
7561,487
7562,476
7563,498
7564,515
756,490
7565,502
7566,500
7567,524
7568,497
7569,494
7570,465
7571,534
7572,528
7573,513
7574,500
757,518
7575,491
7576,498
7577,491
7578,514
7579,489
7580,493
7581,506
7582,496
7583,500
7584,510
758,483
7585,480
7586,518
7587,522
7588,481
7589,501
7590,504
7591,492
7592,506
7593,490
7594,522
759,503
7595,505
7596,511
7597,497
7598,490
7599,470
7600,519
7601,498
7602,490
7603,509
7604,477
760,475
7605,512
7606,491
7607,455
7608,495
7609,499
7610,498
7611,522
7612,494
7613,504
7614,490
761,510
7615,498
7616,491
7617,481
7618,499
7619,487
7620,511
7621,489
7622,507
7623,502
7624,494
762,510
7625,480
7626,493
7627,493
7628,483
7629,527
7630,527
7631,516
7632,488
7633,506
7634,501
763,526
7635,491
7636,488
7637,484
7638,502
7639,522
7640,512
7641,491
7642,494
7643,498
7644,507
764,502
7645,512
7646,501
7647,491
7648,481
7649,495
7650,498
76,511
7651,524
7652,494
7653,472
7654,529
765,520
7655,510
7656,498
7657,511
7658,512
7659,494
7660,493
7661,467
7662,514
7663,527
7664,482
766,497
7665,509
7666,481
7667,530
7668,497
7669,494
7670,486
7671,481
7672,499
7673,519
7674,508
767,547
7675,499
7676,501
7677,489
7678,496
7679,486
7680,519
7681,500
7682,531
7683,509
7684,505
768,472
7685,497
7686,470
7687,482
7688,491
7689,486
7690,528
7691,490
7692,489
7693,494
7694,490
769,510
7695,471
7696,498
7697,512
7698,504
7699,527
7700,500
7701,491
7702,493
7703,512
7704,513
770,487
7705,500
7706,500
7707,499
7708,516
7709,480
7710,501
7711,477
7712,494
7713,511
7714,493
771,509
7715,529
7716,530
7717,504
7718,511
7719,487
7720,525
7721,514
7722,509
7723,513
7724,517
772,485
7725,479
7726,486
7727,497
7728,502
7729,482
7730,485
7731,485
7732,494
7733,498
7734,529
773,525
7735,517
7736,502
7737,497
7738,481
7739,461
7740,483
7741,460
7742,502
7743,516
7744,503
774,507
7745,496
7746,477
7747,478
7748,528
7749,470
7750,488
7751,482
7752,499
77,533
7753,508
7754,493
775,475
7755,496
7756,525
7757,484
7758,518
7759,530
7760,491
7761,504
7762,488
7763,508
7764,495
776,517
7765,506
7766,483
7767,508
7768,522
7769,491
7770,496
7771,507
7772,488
7773,487
7774,506
777,511
7775,511
7776,475
7777,509
7778,513
7779,503
7780,520
7781,517
7782,499
7783,494
7784,502
778,522
7785,504
7786,500
7787,530
7788,509
7789,514
7790,505
7791,538
7792,488
7793,490
7794,478
779,499
7795,503
7796,468
7797,521
7798,483
7799,483
7800,500
7801,509
7802,515
7803,504
7804,526
780,516
7805,525
7806,477
7807,532
7808,491
7809,517
7810,506
7811,515
7812,508
7813,502
7814,514
781,499
7815,499
7816,535
7817,518
7818,508
7819,507
7820,500
7821,530
7822,490
7823,484
7824,503
782,495
7825,488
7826,466
7827,521
7828,499
7829,491
7830,516
7831,507
7832,498
7833,478
7834,496
783,499
7835,494
7836,472
7837,487
7838,507
7839,526
7840,489
7841,508
7842,492
7843,512
7844,494
784,508
7845,505
7846,502
7847,505
7848,517
7849,485
78,501
7850,488
7851,495
7852,482
7853,493
7854,495
785,488
7855,482
7856,499
7857,515
7858,485
7859,486
7860,477
7861,525
7862,493
7863,495
7864,502
786,484
7865,490
7866,486
7867,515
7868,512
7869,497
7870,475
7871,511
7872,523
7873,489
7874,486
787,518
7875,489
7876,523
7877,513
7878,522
7879,485
7880,487
7881,510
7882,516
7883,496
7884,500
788,510
7885,504
7886,482
7887,503
7888,485
7889,502
7890,471
7891,491
7892,524
7893,511
7894,510
789,522
7895,493
7896,527
7897,502
7898,496
7899,498
7900,495
7901,478
7902,499
7903,498
7904,473
790,499
7905,495
7906,531
7907,495
7908,514
7909,504
7910,492
7911,507
7912,494
7913,491
7914,500
791,521
7915,483
7916,505
7917,486
7918,495
7919,493
7920,497
7921,498
7922,495
7923,484
7924,512
792,496
7925,495
7926,507
7927,527
7928,474
7929,486
7930,518
7931,498
7932,530
7933,532
7934,493
793,482
7935,499
7936,474
7937,490
7938,500
7939,511
7940,504
7941,496
7942,499
7943,515
7944,521
794,496
7945,521
7946,499
7947,527
7948,507
79,492
7949,506
7950,489
7951,523
7952,489
7953,505
7954,492
795,478
7955,528
7956,494
7957,503
7958,485
7959,533
7960,513
7961,486
7962,525
7963,485
7964,529
796,486
7965,486
7966,508
7967,501
7968,519
7969,513
7970,512
7971,493
7972,517
7973,502
7974,485
797,501
7975,474
7976,507
7977,518
7978,475
7979,511
7980,499
7981,500
7982,512
7983,491
7984,504
798,505
7985,514
7986,501
7987,486
7988,487
7989,508
7990,481
7991,506
7992,500
7993,508
7994,491
799,506
7995,528
7996,509
7997,479
7998,490
7999,501
8000,482
8001,531
8002,496
8003,511
8004,503
800,485
8005,485
8006,496
8007,489
8008,485
8009,478
8010,483
8011,493
8012,506
8013,482
8014,496
801,495
8015,501
8016,495
8017,497
8018,512
8019,492
8020,490
8021,507
8022,503
8023,487
8024,504
802,508
8025,510
8026,489
8027,475
8028,518
8029,516
8030,495
8031,523
8032,521
8033,467
8034,479
803,481
8035,510
8036,484
8037,488
8038,506
8039,510
8040,506
8041,488
8042,520
8043,467
8044,510
804,513
8045,491
8046,487
8047,498
8048,468
8049,494
80,499
8050,494
8051,504
8052,489
8053,524
8054,499
805,518
8055,498
8056,488
8057,507
8058,510
8059,490
8060,504
8061,507
8062,507
8063,512
8064,497
806,496
8065,500
8066,498
8067,496
8068,503
8069,484
8070,525
8071,493
8072,496
8073,473
8074,486
807,497
8075,500
8076,489
8077,493
8078,523
8079,492
8080,513
8081,498
8082,517
8083,474
8084,480
808,487
8085,511
8086,509
8087,509
8088,537
8089,516
8090,524
8091,519
8092,496
8093,499
8094,492
809,489
8095,517
8096,467
8097,527
8098,517
8099,495
8100,502
8101,520
8102,512
8103,505
8104,486
810,515
8105,496
8106,507
8107,483
8108,522
8109,481
8110,495
8111,511
8112,495
8113,494
8114,544
811,505
8115,498
8116,510
8117,491
8118,524
8119,519
8120,508
8121,514
8122,522
8123,482
8124,512
812,507
8125,515
8126,506
8127,496
8128,498
8129,491
8130,477
8131,498
8132,505
8133,493
8134,516
813,511
8135,507
8136,486
8137,521
8138,520
8139,499
8140,484
8141,488
8142,504
8143,500
8144,496
814,505
8145,497
8146,490
8147,520
8148,487
8149,470
8150,518
81,511
8151,503
8152,488
8153,509
8154,518
815,482
8155,497
8156,470
8157,488
8158,478
8159,494
8160,508
8161,501
8162,529
8163,505
8164,512
816,513
8165,520
8166,504
8167,478
8168,498
8169,513
8170,527
8171,498
8172,467
8173,503
8174,488
817,522
8175,495
8176,496
8177,510
8178,516
8179,470
8180,484
8181,540
8182,484
8183,484
8184,525
818,531
8185,493
8186,498
8187,502
8188,524
8189,478
8190,502
8191,515
8192,485
8193,468
8194,484
819,506
8195,507
8196,520
8197,508
8198,494
8199,475
8200,479
8201,479
8202,481
8203,501
8204,481
820,494
8205,532
8206,493
8207,489
8208,486
8209,497
8210,492
8211,491
8212,493
8213,492
8214,479
821,526
8215,501
8216,516
8217,518
8218,526
8219,438
8220,490
8221,489
8222,508
8223,505
8224,505
822,516
8225,505
8226,496
8227,519
8228,520
8229,465
8230,477
8231,509
8232,479
8233,525
8234,502
823,513
8235,503
8236,514
8237,516
8238,488
8239,521
8240,479
8241,491
8242,515
8243,502
8244,506
824,497
8245,511
8246,498
8247,457
82,479
8248,491
8249,518
8250,489
8251,511
8252,492
8253,480
8254,526
825,542
8255,485
8256,477
8257,481
8258,499
8259,488
8260,491
8261,507
8262,503
8263,521
8264,501
826,492
8265,492
8266,476
8267,500
8268,485
8269,520
8270,484
8271,516
8272,491
8273,474
8274,515
827,499
8275,495
8276,482
8277,526
8278,477
8279,500
8280,537
8281,481
8282,490
8283,505
8284,460
828,525
8285,472
8286,502
8287,495
8288,528
8289,507
8290,520
8291,485
8292,504
8293,485
8294,475
829,505
8295,472
8296,523
8297,499
8298,483
8299,508
8300,501
8301,521
8302,520
8303,494
8304,495
830,525
8305,493
8306,491
8307,472
8308,511
8309,495
8310,515
8311,502
8312,493
8313,499
8314,484
831,476
8315,504
8316,503
8317,483
8318,523
8319,491
8320,477
8321,454
8322,536
8323,502
8324,503
832,497
8325,515
8326,493
8327,489
8328,517
8329,510
8330,510
8331,494
8332,500
8333,503
8334,533
833,505
8335,481
8336,487
8337,495
8338,494
8339,521
8340,535
8341,477
8342,484
8343,495
8344,504
834,494
8345,501
8346,499
8347,499
8348,497
8349,481
8350,484
83,508
8351,504
8352,490
8353,491
8354,503
835,516
8355,511
8356,490
8357,494
8358,517
8359,512
8360,489
8361,516
8362,496
8363,495
8364,497
836,516
8365,512
8366,493
8367,485
8368,504
8369,509
8370,505
8371,484
8372,519
8373,497
8374,490
837,484
8375,531
8376,512
8377,512
8378,512
8379,525
8380,503
8381,510
8382,525
8383,497
8384,501
838,532
8385,479
8386,496
8387,497
8388,524
8389,531
8390,466
8391,500
8392,510
8393,505
8394,487
839,503
8395,486
8396,528
8397,497
8398,511
8399,510
8400,526
8401,493
8402,497
8403,519
8404,491
840,524
8405,525
8406,499
8407,492
8408,482
8409,513
8410,509
8411,507
8412,475
8413,533
8414,501
841,504
8415,518
8416,496
8417,513
8418,508
8419,528
8420,478
8421,496
8422,518
8423,485
8424,504
842,485
8425,538
8426,519
8427,503
8428,490
8429,514
8430,499
8431,487
8432,462
8433,502
8434,509
843,496
8435,506
8436,499
8437,470
8438,518
8439,491
8440,482
8441,502
8442,484
8443,485
8444,498
844,532
8445,486
8446,485
8447,509
8448,505
8449,497
84,495
8450,519
8451,523
8452,503
8453,514
8454,493
845,484
8455,501
8456,501
8457,462
8458,487
8459,515
8460,485
8461,507
8462,509
8463,505
8464,522
846,494
8465,517
8466,479
8467,498
8468,501
8469,501
8470,488
8471,514
8472,498
8473,480
8474,511
847,502
8475,494
8476,469
8477,509
8478,495
8479,486
8480,484
8481,518
8,482
8482,525
8483,498
8484,525
848,493
8485,514
8486,523
8487,512
8488,495
8489,498
8490,452
8491,486
8492,496
8493,485
8494,506
849,509
8495,470
8496,509
8497,500
8498,517
8499,521
8500,495
8501,505
8502,507
8503,496
8504,499
850,522
8505,496
8506,509
8507,526
8508,486
8509,510
8510,483
8511,491
8512,504
8513,498
8514,507
851,525
8515,509
8516,514
8517,519
8518,476
8519,526
8520,511
8521,518
8522,504
8523,519
8524,490
852,536
8525,489
8526,524
8527,478
8528,515
8529,497
8530,470
8531,488
8532,473
8533,493
8534,519
853,493
8535,477
8536,510
8537,542
8538,492
8539,491
8540,507
8541,527
8542,522
8543,506
8544,492
854,500
8545,515
8546,506
8547,510
8548,490
8549,473
8550,506
85,514
8551,505
8552,476
8553,477
8554,498
855,516
8555,487
8556,480
8557,526
8558,506
8559,517
8560,505
8561,492
8562,501
8563,482
8564,532
856,511
8565,514
8566,523
8567,523
8568,520
8569,485
8570,480
8571,504
8572,494
8573,475
8574,523
857,481
8575,507
8576,507
8577,502
8578,488
8579,505
8580,481
8581,503
8582,492
8583,499
8584,518
858,495
8585,522
8586,515
8587,503
8588,511
8589,506
8590,480
8591,522
8592,482
8593,478
8594,482
859,496
8595,480
8596,507
8597,527
8598,494
8599,521
8600,517
8601,522
8602,508
8603,479
8604,515
860,489
8605,504
8606,475
8607,498
8608,524
8609,524
8610,495
8611,480
8612,504
8613,474
8614,495
861,529
8615,520
8616,494
8617,512
8618,509
8619,501
8620,519
8621,459
8622,499
8623,499
8624,487
862,490
8625,485
8626,491
8627,508
8628,489
8629,520
8630,496
8631,466
8632,516
8633,532
8634,504
863,528
8635,510
8636,490
8637,513
8638,529
8639,510
8640,506
8641,517
8642,490
8643,497
8644,488
864,505
8645,503
8646,507
8647,499
8648,506
8649,481
8650,514
8651,519
86,518
8652,518
8653,495
8654,512
865,521
8655,537
8656,512
8657,495
8658,485
8659,507
8660,466
8661,518
8662,514
8663,518
8664,494
866,518
8665,503
8666,504
8667,515
8668,508
8669,491
8670,506
8671,488
8672,481
8673,496
8674,513
867,525
8675,507
8676,498
8677,522
8678,512
8679,520
8680,517
8681,495
8682,497
8683,491
8684,504
868,506
8685,530
8686,507
8687,517
8688,476
8689,512
8690,468
8691,483
8692,484
8693,501
8694,504
869,519
8695,473
8696,484
8697,506
8698,501
8699,502
8700,478
8701,486
8702,503
8703,497
8704,521
870,504
8705,496
8706,495
8707,490
8708,503
8709,483
8710,475
8711,494
8712,497
8713,494
8714,500
871,483
8715,510
8716,508
8717,511
8718,484
8719,517
8720,504
8721,505
8722,508
8723,521
8724,475
872,483
8725,503
8726,519
8727,500
8728,503
8729,474
8730,510
8731,487
8732,487
8733,495
8734,482
873,520
8735,466
8736,514
8737,521
8738,504
8739,472
8740,503
8741,498
8742,519
8743,505
8744,518
874,501
87,452
8745,488
8746,506
8747,493
8748,478
8749,511
8750,507
8751,474
8752,471
8753,509
8754,485
875,509
8755,499
8756,515
8757,486
8758,489
8759,492
8760,492
8761,494
8762,521
8763,523
8764,486
876,521
8765,515
8766,529
8767,510
8768,473
8769,495
8770,496
8771,513
8772,486
8773,503
8774,488
877,527
8775,501
8776,517
8777,498
8778,455
8779,508
8780,508
8781,503
8782,512
8783,529
8784,497
878,494
8785,479
8786,524
8787,516
8788,470
8789,491
8790,521
8791,493
8792,516
8793,520
8794,492
879,497
8795,477
8796,503
8797,524
8798,525
8799,482
8800,478
8801,473
8802,499
8803,511
8804,499
880,499
8805,478
8806,538
8807,491
8808,498
8809,523
8810,485
8811,454
8812,472
8813,479
8814,509
881,467
8815,495
8816,507
8817,518
8818,519
8819,481
8820,491
8821,500
8822,512
8823,477
8824,505
882,502
8825,518
8826,506
8827,496
8828,467
8829,533
8830,518
8831,499
8832,488
8833,485
8834,494
883,499
8835,520
8836,505
8837,539
8838,513
8839,499
8840,492
8841,514
8842,511
8843,483
8844,485
884,491
8845,510
8846,478
8847,501
8848,497
88,493
8849,500
8850,496
8851,524
8852,499
8853,476
8854,475
885,486
8855,486
8856,491
8857,528
8858,488
8859,482
8860,512
8861,476
8862,469
8863,486
8864,485
886,505
8865,493
8866,489
8867,504
8868,496
8869,485
8870,489
8871,476
8872,497
8873,457
8874,487
887,523
8875,500
8876,517
8877,489
8878,506
8879,473
8880,516
8881,492
8882,508
8883,490
8884,521
888,475
8885,492
8886,499
8887,475
8888,495
8889,490
8890,488
8891,476
8892,497
8893,532
8894,511
889,499
8895,478
8896,499
8897,511
8898,496
8899,498
8900,475
8901,504
8902,490
8903,497
8904,474
890,469
8905,503
8906,481
8907,484
8908,541
8909,493
8910,500
8911,488
8912,506
8913,490
8914,490
891,488
8915,531
8916,518
8917,513
8918,495
8919,496
8920,489
8921,482
8922,507
8923,465
8924,503
892,517
8925,517
8926,479
8927,512
8928,486
8929,507
8930,488
8931,509
8932,472
8933,499
8934,485
893,516
8935,538
8936,495
8937,498
8938,506
8939,506
8940,517
8941,492
8942,506
8943,498
8944,474
894,507
8945,479
8946,512
8947,495
8948,481
89,492
8949,504
8950,506
8951,486
8952,507
8953,517
8954,488
895,509
8955,508
8956,499
8957,483
8958,480
8959,493
8960,465
8961,498
8962,516
8963,489
8964,503
896,485
8965,504
8966,482
8967,496
8968,497
8969,497
8970,483
8971,497
8972,504
8973,516
8974,517
897,513
8975,495
8976,492
8977,484
8978,454
8979,474
8980,471
8981,490
8982,483
8983,518
8984,508
898,515
8985,488
8986,463
8987,487
8988,512
8989,503
8990,513
8991,492
8992,515
8993,484
8994,511
899,513
8995,512
8996,499
8997,500
8998,494
8999,496
9000,523
9001,515
9002,482
9003,529
9004,491
900,515
9005,502
9006,515
9007,482
9008,494
9009,508
9010,513
9011,527
9012,502
9013,486
9014,515
901,533
9015,498
9016,519
9017,493
9018,537
9019,536
9020,505
9021,528
9022,503
9023,502
9024,493
902,496
9025,509
9026,505
9027,517
9028,502
9029,511
9030,482
9031,482
9032,521
9033,513
9034,495
903,483
9035,535
9036,525
9037,479
9038,486
9039,526
9040,484
9041,496
9042,489
9043,499
9044,487
904,517
9045,501
9046,493
9047,496
90,483
9048,495
9049,484
9050,506
9051,504
9052,529
9053,491
9054,520
905,510
9055,507
9056,511
9057,462
9058,489
9059,495
9060,492
9061,507
9062,503
9063,495
9064,483
906,514
9065,534
9066,497
9067,514
9068,496
9069,468
9070,478
9071,527
9072,504
9073,485
9074,537
907,498
9075,507
9076,506
9077,521
9078,503
9079,516
9080,525
9081,495
9082,473
9083,494
9084,475
908,492
9085,488
9086,490
9087,503
9088,510
9089,463
9090,526
9091,505
9092,513
9093,512
9094,484
909,502
9095,486
9096,499
9097,489
9098,501
9099,510
9100,484
9101,504
9102,484
9103,511
9104,498
910,488
9105,513
9106,514
9107,505
9108,514
9109,489
9110,502
9111,522
9112,504
9113,476
9114,511
911,489
9115,512
9116,509
9117,498
9118,503
9119,504
9120,509
9121,517
9122,499
9123,518
9124,499
912,488
9125,516
9126,499
9127,493
9128,492
9129,490
9130,523
9131,494
9132,506
9133,483
9134,493
913,501
9135,512
9136,513
9137,493
9138,510
9139,501
9140,504
9141,475
9142,512
9143,507
9144,513
914,509
9145,481
9146,474
9147,534
9148,501
9149,501
9150,505
91,510
9151,466
9152,482
9153,517
9154,501
915,507
9155,520
9156,466
9157,508
9158,473
9159,496
9160,525
9161,504
9162,495
9163,492
9164,516
916,485
9165,522
9166,507
9167,495
9168,507
9169,486
9170,486
9171,491
9172,482
9173,492
9174,502
917,482
9175,514
9176,511
9177,518
9178,523
9179,488
9180,476
9181,522
9182,481
9183,499
9184,510
918,491
9185,503
9186,516
9187,497
9188,509
9189,505
9190,499
9191,454
9192,511
9193,492
9194,510
919,500
9195,522
9196,503
9197,500
9198,497
9199,519
9200,482
9201,524
9202,476
9203,494
9204,526
920,467
9205,490
9206,497
9207,501
9208,501
9209,524
9210,512
9211,517
9212,495
9213,499
9214,539
921,471
9215,502
9216,495
9217,482
9218,497
9219,483
9220,490
9221,502
9222,494
9223,507
9224,500
922,519
9225,498
9226,472
9227,489
9228,522
9229,498
9230,475
9231,511
9232,513
9233,461
9234,512
923,483
9235,495
9236,504
9237,506
9238,524
9239,514
9240,501
9241,502
9242,492
9243,494
9244,511
924,512
9245,518
9246,522
9247,483
9248,517
9249,454
92,495
9250,490
9251,499
9252,509
9253,485
9254,499
925,479
9255,481
9256,494
9257,496
9258,477
9259,538
9260,510
9261,494
9262,485
9263,518
9264,482
926,510
9265,498
9266,504
9267,519
9268,498
9269,488
9270,500
9271,486
9272,521
9273,498
9274,512
927,495
9275,519
9276,520
9277,495
9278,515
9279,513
9280,519
9281,496
9282,488
9283,508
9284,488
928,500
9285,504
9286,497
9287,516
9288,519
9289,495
9290,471
9291,486
9292,509
9293,514
9294,493
929,456
9295,510
9296,497
9297,510
9298,494
9299,513
9300,502
9301,486
9302,494
9303,472
9304,486
930,531
9305,493
9306,510
9307,501
9308,502
9309,499
9310,457
9311,475
9312,476
9313,487
9314,497
931,496
9315,502
9316,471
9317,506
9318,469
9319,479
9320,514
9321,499
9322,489
9323,508
9324,513
932,513
9325,502
9326,540
9327,493
9328,496
9329,490
9330,509
9331,512
9332,495
9333,511
9334,503
933,494
9335,501
9336,502
9337,483
9338,516
9339,505
9340,481
9341,488
9342,509
9343,491
9344,462
934,493
9345,480
9346,519
9347,502
9348,513
9349,533
9350,513
9351,484
93,520
9352,502
9353,486
9354,495
935,473
9355,485
9356,519
9357,477
9358,496
9359,497
9360,514
9361,513
9362,480
9363,522
9364,515
936,497
9365,517
9366,485
9367,522
9368,519
9369,511
9370,493
9371,522
9372,497
9373,493
9374,508
937,481
9375,503
9376,480
9377,504
9378,484
9379,482
9380,522
9381,475
9382,506
9383,519
9384,488
938,495
9385,501
9386,497
9387,489
9388,498
9389,503
9390,491
9391,497
9392,496
9393,501
9394,513
939,503
9395,520
9396,490
9397,489
9398,530
9399,497
9400,500
9401,495
9402,479
9403,505
9404,518
940,498
9405,508
9406,483
9407,493
9408,504
9409,511
9410,503
9411,492
9412,463
9413,507
9414,511
941,495
9415,515
9416,513
9417,498
9418,526
9419,495
9420,485
9421,490
9422,482
9423,515
9424,492
942,484
9425,506
9426,510
9427,478
9428,506
9429,513
9430,519
9431,523
9432,486
9433,485
9434,471
943,467
9435,527
9436,507
9437,509
9438,495
9439,483
9440,506
9441,505
9442,491
9443,501
9444,509
944,477
9445,518
9446,481
9447,493
9448,502
94,490
9449,492
9450,498
9451,522
9452,530
9453,480
9454,494
945,495
9455,520
9456,515
9457,500
9458,503
9459,509
9460,479
9461,487
9462,507
9463,503
9464,511
946,501
9465,524
9466,525
9467,501
9468,491
9469,516
9470,497
9471,477
9472,488
9473,524
9474,504
947,501
9475,527
9476,490
9477,482
9478,494
9479,483
9480,515
9481,529
9482,518
9483,468
9484,525
948,506
9485,490
9486,513
9487,482
9488,492
9489,490
9490,491
9491,503
9492,528
9493,499
9494,508
949,506
9495,498
9496,519
9497,471
9,498
9498,513
9499,507
9500,492
9501,511
9502,453
9503,486
9504,492
950,474
9505,526
9506,543
9507,501
9508,478
9509,495
9510,497
9511,498
9512,507
9513,485
9514,508
951,531
9515,511
9516,514
9517,506
9518,520
9519,490
9520,497
9521,462
9522,505
9523,484
9524,500
952,519
9525,506
9526,518
9527,464
9528,512
9529,499
9530,495
9531,520
9532,489
9533,485
9534,509
953,480
9535,499
9536,513
9537,488
9538,496
9539,520
9540,539
9541,490
9542,499
9543,483
9544,483
954,497
9545,487
9546,490
9547,491
9548,520
9549,512
95,502
9550,487
9551,455
9552,513
9553,472
9554,483
955,500
9555,523
9556,528
9557,506
9558,493
9559,491
9560,494
9561,512
9562,504
9563,494
9564,475
956,500
9565,519
9566,500
9567,499
9568,477
9569,501
9570,509
9571,489
9572,499
9573,498
9574,516
957,506
9575,485
9576,513
9577,525
9578,511
9579,502
9580,502
9581,499
9582,513
9583,504
9584,486
958,490
9585,468
9586,506
9587,491
9588,489
9589,497
9590,499
9591,495
9592,481
9593,486
9594,487
959,504
9595,507
9596,525
9597,527
9598,533
9599,530
9600,495
9601,508
9602,488
9603,501
9604,524
960,474
9605,524
9606,504
9607,503
9608,536
9609,487
9610,513
9611,521
9612,464
9613,475
9614,499
961,528
9615,492
9616,521
9617,506
9618,485
9619,494
9620,484
9621,502
9622,510
9623,486
9624,479
962,491
9625,509
9626,508
9627,511
9628,499
9629,507
9630,491
9631,507
9632,477
9633,492
9634,513
963,506
9635,513
9636,493
9637,496
9638,495
9639,516
9640,499
9641,476
9642,535
9643,502
9644,511
964,512
9645,487
9646,482
9647,488
9648,506
9649,485
9650,494
9651,512
96,524
9652,469
9653,503
9654,505
965,491
9655,495
9656,476
9657,479
9658,462
9659,475
9660,496
9661,470
9662,525
9663,510
9664,493
966,506
9665,512
9666,509
9667,490
9668,520
9669,498
9670,492
9671,507
9672,504
9673,510
9674,474
967,496
9675,480
9676,506
9677,503
9678,525
9679,505
9680,457
9681,497
9682,504
9683,485
9684,508
968,511
9685,523
9686,526
9687,469
9688,515
9689,515
9690,527
9691,506
9692,477
9693,490
9694,529
969,484
9695,536
9696,532
9697,508
9698,496
9699,506
9700,479
9701,492
9702,503
9703,487
9704,527
970,498
9705,504
9706,511
9707,486
9708,511
9709,477
9710,492
9711,523
9712,521
9713,512
9714,521
971,527
9715,513
9716,497
9717,458
9718,509
9719,481
9720,488
9721,497
9722,506
9723,515
9724,476
972,516
9725,473
9726,499
9727,489
9728,506
9729,507
9730,498
9731,484
9732,528
9733,507
9734,485
973,464
9735,486
9736,493
9737,505
9738,486
9739,499
9740,514
9741,496
9742,527
9743,489
9744,491
974,498
9745,528
9746,533
9747,480
97,480
9748,508
9749,475
9750,497
9751,466
9752,483
9753,510
9754,512
975,496
9755,507
9756,504
9757,486
9758,490
9759,501
9760,504
9761,515
9762,493
9763,514
9764,495
976,507
9765,476
9766,506
9767,504
9768,491
9769,510
9770,488
9771,467
9772,481
9773,503
9774,501
977,477
9775,493
9776,499
9777,493
9778,492
9779,516
9780,463
9781,516
9782,515
9783,512
9784,505
978,499
9785,487
9786,521
9787,475
9788,497
9789,512
9790,498
9791,525
9792,503
9793,505
9794,519
979,496
9795,530
9796,503
9797,511
9798,489
9799,517
9800,460
9801,506
9802,500
9803,500
9804,492
980,505
9805,469
9806,499
9807,491
9808,524
9809,514
9810,472
9811,532
9812,506
9813,510
9814,513
981,487
9815,511
9816,485
9817,460
9818,506
9819,532
9820,510
9821,494
9822,520
9823,485
9824,477
982,496
9825,495
9826,501
9827,501
9828,471
9829,522
9830,528
9831,506
9832,491
9833,517
9834,479
983,526
9835,486
9836,508
9837,509
9838,487
9839,488
9840,492
9841,499
9842,493
9843,502
9844,498
984,504
9845,465
9846,489
9847,497
9848,500
9849,505
98,503
9850,480
9851,504
9852,522
9853,487
9854,497
985,482
9855,490
9856,506
9857,483
9858,490
9859,493
9860,496
9861,470
9862,504
9863,506
9864,506
986,496
9865,525
9866,488
9867,488
9868,531
9869,531
9870,477
9871,507
9872,486
9873,510
9874,489
987,497
9875,530
9876,506
9877,500
9878,476
9879,514
9880,494
9881,529
9882,501
9883,495
9884,514
988,484
9885,493
9886,493
9887,513
9888,530
9889,516
9890,487
9891,505
9892,535
9893,529
9894,518
989,513
9895,519
9896,482
9897,502
9898,520
9899,510
9900,514
9901,487
9902,487
9903,487
9904,528
990,530
9905,495
9906,502
9907,487
9908,501
9909,507
9910,507
9911,483
9912,501
9913,487
9914,503
991,490
9915,528
9916,501
9917,504
9918,481
9919,526
9920,497
9921,490
9922,485
9923,494
9924,485
992,496
9925,533
9926,501
9927,522
9928,497
9929,491
9930,472
9931,528
9932,508
9933,486
9934,468
993,487
9935,513
9936,488
9937,509
9938,490
9939,503
9940,507
9941,484
9942,515
9943,493
9944,480
994,512
9945,490
9946,504
9947,479
9948,502
99,487
9949,492
9950,474
9951,514
9952,523
9953,501
9954,503
995,470
9955,492
9956,469
9957,486
9958,533
9959,512
9960,526
9961,510
9962,514
9963,455
9964,505
996,497
9965,479
9966,497
9967,503
9968,497
9969,509
9970,494
9971,504
9972,524
9973,500
9974,495
997,470
9975,506
9976,496
9977,519
9978,489
9979,483
9980,525
9981,504
9982,484
9983,494
9984,517
998,523
9985,517
9986,504
9987,503
9988,491
9989,494
9990,503
9991,500
9992,475
9993,516
9994,493
999,493
9995,502
9996,497
9997,512
9998,516
9999,515
