10000,47
1000,48
1001,53
1002,50
1003,49
100,38
1004,48
1005,45
1006,47
1007,49
1008,51
1009,55
1010,50
1011,51
1012,55
1013,55
1014,51
101,47
1015,46
1016,53
1017,50
1018,53
1019,57
1020,60
1021,50
1022,48
1023,52
102,43
1024,54
1025,44
1026,48
1027,55
1028,53
1029,56
1030,59
1031,56
1032,48
1033,49
1034,50
103,53
1035,45
1036,47
1037,52
1038,53
1039,54
1040,46
1041,40
1042,52
1043,48
1044,45
104,47
1045,48
1046,51
10,47
1047,44
1048,50
1049,47
1050,43
1051,54
1052,56
1053,50
1054,55
105,51
1055,43
1056,45
1057,49
1058,49
1059,50
1060,44
1061,51
1062,54
1063,49
1064,54
106,52
1065,51
1066,47
1067,47
1068,45
1069,46
1070,53
1071,50
1072,55
1073,52
1074,43
107,50
1075,49
1076,42
1077,52
1078,55
1079,49
1080,63
1081,51
1082,48
1083,49
1084,58
108,49
1085,57
1086,43
1087,52
1088,54
1089,42
1090,47
1091,54
1092,53
1093,50
1094,52
109,48
1095,55
1096,45
1097,50
1098,49
1099,48
1100,44
1101,46
1102,51
1103,58
1104,48
110,50
1105,42
1106,52
1107,55
1108,54
1109,45
1110,53
1111,49
1112,50
1113,60
1114,57
111,48
1115,51
1116,57
1117,51
1118,45
1119,51
1120,50
1121,50
1122,60
1123,47
1124,39
112,47
1125,57
1126,54
1127,58
1128,52
1129,58
1130,44
1131,58
1132,58
11,33
1133,50
113,44
1134,57
1135,45
1136,54
1137,48
1138,53
1139,44
1140,43
1141,47
1142,51
1143,48
1144,55
114,52
1145,57
1146,47
1147,39
1148,52
1149,50
1150,44
1151,52
1152,50
1153,55
1154,58
115,52
1155,53
1156,46
1157,49
1158,60
1159,55
1160,53
1161,45
1162,52
1163,54
1164,47
116,52
1165,42
1166,44
1167,47
1168,46
1169,49
1170,41
1171,50
1172,50
1173,54
1174,52
117,51
1175,48
1176,56
1177,50
1178,52
1179,51
1180,52
1181,53
1182,46
1183,44
1184,55
118,51
1185,57
1186,50
1187,51
1188,48
1189,59
1190,50
1191,52
1192,51
1193,44
1194,44
119,50
1195,47
1196,48
1197,54
1198,53
1199,48
1200,56
1201,51
1202,49
1203,61
1204,57
1205,54
120,59
1206,53
1207,53
1208,47
1209,44
1210,59
1211,55
1212,49
1213,50
121,44
1214,48
1215,52
1216,52
1217,54
1218,52
1219,49
1220,56
1221,45
1222,49
1223,45
1224,49
122,49
1225,54
1226,52
1227,52
1228,51
1229,52
1230,50
1231,48
1232,59
1233,54
1234,47
123,54
1235,44
1236,54
1237,52
1238,43
1239,50
1240,55
1241,49
1242,50
1243,50
124,44
1244,54
1245,55
1246,51
1247,46
12,48
1248,61
1249,48
1250,52
1251,45
1252,52
1253,48
1254,48
125,51
1255,49
1256,45
1257,47
1258,49
1259,50
1260,54
1261,42
1262,39
1263,51
1264,54
126,46
1265,48
1266,50
1267,47
1268,56
1269,45
1270,46
1271,55
1272,41
1273,58
1274,52
127,52
1275,55
1276,45
1277,46
1278,44
1279,53
1280,47
1281,44
1282,54
1283,58
1284,49
128,53
1285,53
1286,55
1287,54
1288,50
1289,55
1290,57
1291,57
1292,54
1293,57
1294,47
129,48
1295,54
1296,53
1297,54
1298,53
1299,52
1300,63
1301,57
1302,50
1303,56
1304,51
130,48
1305,55
1306,42
1307,56
1308,45
1309,53
1310,47
1311,54
1312,48
1313,52
1314,51
131,52
1315,42
1316,58
1317,49
1318,48
1319,54
1320,46
1321,49
1322,44
1323,51
1324,51
132,54
1325,46
1326,49
1327,51
1328,45
1329,57
1330,45
1331,59
1332,50
1333,45
1334,51
1335,48
133,57
1336,41
1337,50
1338,52
1339,48
1340,50
1341,56
1342,52
1343,47
1344,50
1345,40
134,56
1346,54
1347,53
13,48
1348,55
1349,52
1350,61
1351,56
1352,45
1353,58
1354,50
135,47
1355,48
1356,50
1357,51
1358,49
1359,56
1360,53
1361,58
1362,56
1363,32
1364,49
136,51
1365,49
1366,50
1367,42
1368,53
1369,49
1370,46
1371,63
1372,51
1373,52
137,45
1374,55
1375,47
1376,50
1377,41
1378,43
1379,50
1380,44
1381,51
1382,43
1383,48
138,44
1384,45
1385,53
1386,48
1387,53
1388,51
1389,46
1390,49
1391,45
1392,44
1393,54
1394,51
1395,48
139,58
1396,50
1397,49
1398,50
1399,51
1400,50
1401,43
1402,52
1403,51
1404,47
140,50
1405,54
1406,54
1407,52
1408,57
1409,61
1410,53
1411,44
1412,47
1413,49
1414,49
141,48
1415,65
1416,52
1417,60
1418,58
1419,50
1420,58
1421,52
1422,52
1423,51
1424,51
142,53
1425,46
1426,46
1427,46
1428,56
1429,44
1430,50
1431,55
1432,56
1433,54
143,43
1434,47
1435,44
1436,58
1437,48
1438,49
1439,46
1440,47
1441,53
1442,53
1443,40
144,39
1444,50
1445,49
1446,48
1447,50
1448,48
1449,53
1450,41
14,51
1451,49
1452,47
1453,52
145,44
1454,46
1455,53
1456,46
1457,46
1458,49
1459,43
1460,57
1461,51
1462,48
1463,49
1464,53
146,53
1465,51
1466,61
1467,53
1468,55
1469,41
1470,49
1471,60
1472,48
1473,52
1474,49
147,52
1475,55
1476,48
1477,43
1478,54
1479,49
1480,59
1481,43
1482,48
1483,47
1484,53
1485,59
148,56
1486,55
1487,54
1488,48
1489,54
1490,54
1491,49
1492,49
1493,51
1494,52
149,53
1495,48
1496,51
1497,53
1498,47
1499,48
1500,45
1501,50
1502,58
1503,46
1504,54
150,48
1505,43
1506,56
1507,63
1508,52
1509,47
1510,45
1511,50
1512,37
1513,59
1514,44
151,49
1515,49
1516,49
1517,49
1518,54
1519,52
1,52
1520,44
1521,55
1522,55
1523,53
1524,46
152,45
1525,44
1526,54
1527,51
1528,52
1529,55
1530,42
1531,50
1532,48
1533,60
1534,42
1535,44
153,57
1536,49
1537,53
1538,49
1539,39
1540,53
1541,51
1542,42
1543,40
1544,45
154,51
1545,43
1546,55
1547,42
1548,45
1549,55
1550,54
1551,44
1552,56
15,53
1553,45
1554,39
155,51
1555,55
1556,46
1557,52
1558,42
1559,53
1560,46
1561,50
1562,52
1563,42
1564,49
156,51
1565,52
1566,55
1567,52
1568,38
1569,46
1570,45
1571,51
1572,54
1573,47
157,38
1574,54
1575,57
1576,49
1577,58
1578,48
1579,54
1580,55
1581,44
1582,54
1583,53
1584,50
1585,46
158,57
1586,55
1587,52
1588,55
1589,47
1590,45
1591,59
1592,56
1593,48
1594,53
159,47
1595,46
1596,50
1597,47
1598,58
1599,47
1600,52
1601,51
1602,42
1603,56
1604,41
160,51
1605,42
1606,51
1607,44
1608,52
1609,53
1610,50
1611,46
1612,58
1613,46
1614,47
161,46
1615,49
1616,52
1617,58
1618,49
1619,56
1620,52
1621,48
1622,45
1623,48
1624,44
162,51
1625,52
1626,50
1627,46
1628,49
1629,41
1630,50
1631,44
1632,45
1633,54
163,42
1634,51
1635,45
1636,47
1637,52
1638,51
1639,50
1640,47
1641,60
1642,52
1643,44
1644,53
164,48
1645,43
1646,52
1647,55
1648,53
1649,57
1650,59
16,51
1651,42
1652,41
1653,48
1654,41
165,50
1655,55
1656,46
1657,41
1658,54
1659,37
1660,52
1661,45
1662,48
1663,53
166,42
1664,44
1665,54
1666,51
1667,49
1668,52
1669,47
1670,51
1671,47
1672,51
1673,43
1674,51
167,48
1675,52
1676,52
1677,46
1678,53
1679,42
1680,48
1681,53
1682,47
1683,45
1684,53
168,47
1685,43
1686,48
1687,39
1688,46
1689,54
1690,48
1691,47
1692,43
1693,52
1694,38
169,45
1695,45
1696,52
1697,46
1698,42
1699,52
1700,49
1701,46
1702,51
1703,45
1704,54
170,50
1705,53
1706,47
1707,52
1708,42
1709,57
1710,40
1711,49
1712,56
1713,48
171,44
1714,52
1715,45
1716,42
1717,52
1718,53
1719,44
1720,49
1721,48
1722,51
1723,51
1724,51
172,51
1725,56
1726,59
1727,46
1728,53
1729,51
1730,47
1731,47
1732,54
1733,49
1734,59
1735,47
173,57
1736,54
1737,54
1738,53
1739,57
1740,55
1741,55
1742,48
1743,46
1744,57
174,49
1745,52
1746,47
1747,42
1748,45
1749,43
1750,46
1751,57
1752,53
1753,50
17,54
1754,49
1755,59
175,56
1756,43
1757,51
1758,46
1759,47
1760,39
1761,45
1762,43
1763,52
1764,39
176,50
1765,53
1766,57
1767,54
1768,48
1769,49
1770,52
1771,55
1772,51
1773,50
1774,55
177,53
1775,42
1776,48
1777,48
1778,46
1779,51
1780,39
1781,41
1782,46
1783,49
1784,48
178,51
1785,45
1786,41
1787,47
1788,57
1789,43
1790,52
1791,61
1792,55
1793,53
1794,51
179,53
1795,48
1796,52
1797,55
1798,44
1799,53
1800,40
1801,49
1802,49
1803,54
1804,55
1805,49
180,55
1806,47
1807,57
1808,52
1809,52
1810,47
1811,48
1812,58
1813,53
1814,55
181,46
1815,45
1816,59
1817,48
1818,42
1819,46
1820,59
1821,43
1822,47
1823,50
1824,51
182,51
1825,47
1826,47
1827,52
1828,56
1829,56
1830,42
1831,52
1832,56
1833,45
1834,48
183,48
1835,46
1836,55
1837,55
1838,50
1839,49
1840,47
1841,47
1842,56
1843,49
1844,56
1845,58
184,61
1846,47
1847,41
1848,44
1849,57
1850,51
1851,52
1852,49
1853,58
1854,50
185,50
1855,47
1856,56
1857,51
1858,42
18,59
1859,46
1860,43
1861,50
1862,56
1863,48
1864,50
186,49
1865,56
1866,47
1867,48
1868,46
1869,49
1870,46
1871,56
1872,53
1873,47
187,44
1874,47
1875,36
1876,47
1877,45
1878,55
1879,49
1880,51
1881,54
1882,40
1883,52
1884,44
188,54
1885,53
1886,47
1887,48
1888,44
1889,53
1890,59
1891,54
1892,49
1893,55
1894,52
189,47
1895,53
1896,53
1897,48
1898,47
1899,59
1900,55
1901,42
1902,52
1903,43
1904,46
190,48
1905,49
1906,44
1907,47
1908,56
1909,51
1910,50
1911,53
1912,46
1913,56
1914,55
191,54
1915,48
1916,43
1917,46
1918,54
1919,44
1920,51
1921,51
1922,46
1923,52
1924,47
192,49
1925,44
1926,41
1927,56
1928,58
1929,49
1930,52
1931,44
1932,57
1933,59
1934,52
193,48
1935,45
1936,47
1937,49
1938,54
1939,59
1940,47
1941,51
1942,46
1943,52
1944,49
194,52
1945,46
1946,50
1947,47
1948,55
19,49
1949,49
1950,51
1951,46
1952,51
1953,47
1954,53
1955,42
195,56
1956,39
1957,52
1958,53
1959,47
1960,48
1961,51
1962,52
1963,55
1964,45
196,50
1965,56
1966,46
1967,57
1968,41
1969,64
1970,52
1971,59
1972,47
1973,51
1974,49
197,50
1975,47
1976,54
1977,50
1978,54
1979,54
1980,49
1981,47
1982,55
1983,53
198,40
1984,45
1985,43
1986,53
1987,51
1988,51
1989,53
1990,48
1991,41
1992,56
1993,55
1994,54
199,50
1995,50
1996,47
1997,47
1998,53
1999,49
2000,46
2001,58
2002,51
2003,56
2004,51
200,49
2005,45
2006,52
2007,59
2008,48
2009,54
2010,58
2011,57
2012,47
2013,53
2014,44
2015,53
201,58
2016,50
2017,44
2018,54
2019,47
2020,57
2021,44
2022,53
2023,64
2024,48
202,51
2025,55
2026,51
2027,51
2028,51
2029,46
2030,46
2031,52
2032,51
2033,40
2034,44
203,53
2035,44
2036,48
2037,46
2038,48
2039,49
2040,50
2041,47
2042,55
2043,62
2044,54
204,48
2045,51
2046,55
2047,50
2048,47
2049,44
2050,48
2051,47
2052,55
2053,53
205,40
2054,44
2055,48
2056,47
2057,54
2058,50
2059,54
20,60
2060,56
2061,47
2062,50
2063,54
2064,53
206,54
2065,44
2066,52
2067,50
2068,40
2069,45
2070,45
2071,51
2072,50
2073,46
2074,60
207,48
2075,46
2076,47
2077,56
2078,50
2079,54
2080,53
2081,50
2082,53
2083,51
2084,54
208,54
2085,58
2086,46
2087,45
2088,52
2089,48
2090,46
2091,51
2092,47
2093,47
2094,55
209,46
2095,54
2096,58
2097,46
2098,46
2099,52
2100,56
2101,53
2102,63
2103,49
210,43
2104,52
2105,42
2106,41
2107,53
2108,55
2109,55
2110,45
2111,51
2112,40
2113,49
2114,46
211,52
2115,49
2116,49
2117,52
2118,56
2119,58
2120,47
2121,39
2122,45
2123,41
2124,54
212,51
2125,52
2126,45
2127,49
2128,58
2129,42
2130,46
2131,49
2132,52
2133,56
2134,47
213,49
2135,51
2136,40
2137,44
2138,53
2139,52
2140,54
2141,51
2142,50
2143,53
214,43
2144,48
2145,48
2146,46
2147,52
2148,54
2149,49
2150,52
21,51
2151,47
2152,50
2153,45
2154,44
215,52
2155,48
2156,60
2157,60
2158,59
2159,52
2160,50
2161,46
2162,49
2163,55
2164,48
216,49
2165,53
2166,50
2167,45
2168,50
2169,48
2170,41
2171,44
2172,49
2173,46
2174,46
2175,50
217,61
2176,49
2177,54
2178,52
2179,46
2180,49
2181,54
2182,58
2183,46
2184,50
218,48
2185,59
2186,47
2187,54
2188,55
2189,47
2190,50
2191,46
2192,53
2193,47
2194,49
219,49
2195,45
2196,51
2197,51
2198,40
2199,52
2200,48
2201,39
2202,55
2203,58
2204,58
220,52
2205,54
2206,42
2207,60
2208,54
2209,38
2210,45
2211,52
2212,47
2213,50
2214,50
221,51
2215,50
2216,57
2217,52
2218,47
2219,49
2220,48
2221,51
2222,47
2223,50
222,42
2224,51
2225,61
2226,50
2227,53
2228,47
2229,48
2230,52
2231,42
2232,47
2233,61
2234,56
223,49
2235,46
2236,50
2237,44
2238,57
2239,58
2240,57
2241,57
2242,61
2243,50
2244,54
224,47
2245,56
2246,51
2247,39
2248,44
2249,53
2250,54
2251,40
2252,49
2253,47
22,54
225,40
2254,52
2255,52
2256,53
2257,51
2258,56
2259,42
2260,45
2261,40
2262,43
2263,50
2264,53
226,47
2265,44
2266,56
2267,52
2268,58
2269,51
2270,45
2271,47
2272,52
2273,53
2274,46
227,53
2275,52
2276,53
2277,59
2278,54
2279,41
2280,52
2281,40
2282,59
2283,41
2284,51
228,49
2285,47
2286,47
2287,54
2288,50
2289,40
2290,48
2291,46
2292,52
2293,52
2294,57
229,49
2295,58
2296,54
2297,53
2298,55
2299,46
2300,58
2301,46
2302,50
2303,59
2304,57
230,48
2305,50
2306,55
2307,45
2308,48
2309,49
2310,60
2311,48
2312,54
2313,60
231,44
2314,45
2315,51
2316,48
2317,40
2318,48
2319,46
2320,46
2321,57
2322,55
2323,56
2324,49
232,54
2325,50
2326,43
2327,48
2328,48
2329,39
2330,52
2331,60
2332,51
2333,53
233,40
2334,50
2335,53
2336,46
2337,51
2338,49
2339,44
2340,52
2341,51
2342,45
2343,54
234,45
2344,54
2345,52
23,46
2346,53
2347,47
2348,52
2349,51
2350,51
2351,55
2352,50
2353,47
2354,48
235,48
2355,53
2356,47
2357,43
2358,55
2359,49
2360,45
2361,54
2362,47
2363,49
236,45
2364,52
2365,46
2366,58
2367,62
2368,43
2369,45
2370,50
2371,39
2372,51
2373,52
2374,48
237,54
2375,57
2376,45
2377,45
2378,49
2379,46
2380,46
2381,49
2382,54
2383,54
2384,49
238,46
2385,49
2386,52
2387,53
2388,57
2389,55
2390,52
2391,55
2392,55
2393,48
239,44
2394,53
2395,51
2396,50
2397,50
2398,47
2399,58
2400,59
2401,56
2402,52
2403,51
2404,47
240,51
2405,50
2406,49
2407,52
2408,53
2409,51
2410,51
2411,52
2412,49
2413,46
2414,55
241,53
2415,51
2416,62
2417,47
2418,55
2419,47
2420,47
2421,48
2422,49
2423,48
2424,53
2425,41
242,57
2426,45
2427,55
2428,46
2429,48
2430,49
2431,48
2432,49
2433,47
2434,48
243,54
2435,53
2436,48
2437,53
2438,44
2439,57
2440,37
2441,49
2442,47
2443,43
2444,48
244,45
2445,47
2446,53
2447,51
2448,44
2449,37
2450,51
2451,49
2452,45
2453,53
2454,56
245,50
2455,47
2456,41
2457,47
24,58
2458,45
2459,51
2,46
2460,35
2461,47
2462,48
2463,50
2464,48
246,47
2465,53
2466,51
2467,51
2468,46
2469,47
2470,47
2471,55
2472,58
2473,44
2474,51
247,49
2475,46
2476,50
2477,60
2478,46
2479,40
2480,46
2481,47
2482,49
2483,41
2484,47
248,54
2485,49
2486,58
2487,44
2488,51
2489,53
2490,47
2491,47
2492,52
2493,44
2494,47
249,51
2495,48
2496,48
2497,47
2498,42
2499,41
2500,55
2501,51
2502,53
2503,49
250,42
2504,53
2505,51
2506,47
2507,57
2508,59
2509,47
2510,61
2511,52
2512,50
2513,50
2514,54
2515,49
251,55
2516,52
2517,47
2518,48
2519,44
2520,38
2521,43
2522,53
2523,48
2524,48
252,51
2525,49
2526,46
2527,53
2528,55
2529,50
2530,41
2531,46
2532,58
2533,51
2534,52
253,52
2535,47
2536,50
2537,49
2538,38
2539,52
2540,47
2541,52
2542,41
2543,46
2544,57
254,49
2545,49
2546,50
2547,46
2548,50
2549,40
2550,48
2551,56
2552,56
2553,54
25,54
2554,50
255,50
2555,62
2556,47
2557,41
2558,48
2559,52
2560,52
2561,42
2562,42
2563,58
256,42
2564,52
2565,46
2566,49
2567,55
2568,50
2569,46
2570,53
2571,52
2572,49
2573,50
2574,43
2575,49
257,55
2576,45
2577,48
2578,41
2579,51
2580,45
2581,50
2582,47
2583,48
2584,45
258,48
2585,47
2586,55
2587,47
2588,47
2589,49
2590,56
2591,53
2592,54
2593,47
2594,51
259,48
2595,43
2596,56
2597,51
2598,55
2599,47
2600,44
2601,39
2602,47
2603,48
2604,48
260,54
2605,49
2606,48
2607,52
2608,46
2609,55
2610,57
2611,50
2612,48
2613,46
2614,51
261,53
2615,52
2616,45
2617,43
2618,58
2619,54
2620,53
2621,43
2622,52
2623,49
2624,54
262,50
2625,43
2626,55
2627,42
2628,51
2629,34
2630,47
2631,54
2632,46
2633,47
263,42
2634,49
2635,48
2636,46
2637,47
2638,43
2639,47
2640,50
2641,52
2642,50
2643,50
264,43
2644,50
2645,42
2646,50
2647,45
2648,49
2649,46
2650,41
2651,43
2652,57
2653,49
2654,50
265,52
2655,48
2656,60
2657,47
2658,55
2659,43
2660,51
2661,54
2662,52
2663,50
2664,41
266,47
26,65
2665,45
2666,54
2667,45
2668,52
2669,49
2670,55
2671,50
2672,51
2673,46
2674,54
2675,48
267,57
2676,48
2677,45
2678,39
2679,55
2680,40
2681,44
2682,47
2683,41
2684,49
268,47
2685,53
2686,56
2687,54
2688,49
2689,52
2690,51
2691,46
2692,47
2693,51
2694,41
269,45
2695,55
2696,44
2697,52
2698,55
2699,50
2700,50
2701,51
2702,52
2703,45
2704,54
270,52
2705,49
2706,47
2707,48
2708,52
2709,45
2710,51
2711,43
2712,55
2713,53
2714,56
271,50
2715,56
2716,49
2717,47
2718,55
2719,70
2720,55
2721,43
2722,43
2723,49
2724,35
272,47
2725,57
2726,47
2727,44
2728,50
2729,46
2730,54
2731,45
2732,50
2733,56
2734,54
273,49
2735,51
2736,53
2737,54
2738,58
2739,59
2740,50
2741,45
2742,55
2743,47
2744,49
274,50
2745,53
27,46
2746,54
2747,47
2748,45
2749,52
2750,47
2751,54
2752,54
2753,54
2754,48
275,49
2755,56
2756,49
2757,57
2758,47
2759,53
2760,48
2761,43
2762,46
2763,50
2764,55
276,46
2765,50
2766,53
2767,51
2768,55
2769,46
2770,47
2771,54
2772,51
2773,46
2774,58
2775,48
277,56
2776,38
2777,47
2778,50
2779,53
2780,52
2781,52
2782,44
2783,39
2784,48
278,47
2785,49
2786,48
2787,47
2788,49
2789,48
2790,51
2791,49
2792,47
2793,45
2794,56
279,48
2795,53
2796,44
2797,55
2798,37
2799,51
2800,43
2801,50
2802,52
2803,56
2804,43
280,46
2805,44
2806,42
2807,47
2808,54
2809,54
2810,53
2811,53
2812,46
2813,54
2814,42
281,51
2815,45
2816,42
2817,55
2818,46
2819,43
2820,54
2821,54
2822,48
2823,60
282,42
2824,48
2825,55
2826,53
2827,50
2828,47
2829,47
2830,50
2831,47
2832,59
2833,48
2834,51
2835,41
283,58
2836,53
2837,52
2838,51
2839,52
2840,51
2841,56
2842,45
2843,53
2844,55
2845,53
284,57
2846,47
2847,49
2848,46
2849,38
2850,52
2851,42
2852,50
2853,57
2854,48
28,55
285,53
2855,46
2856,46
2857,59
2858,55
2859,44
2860,50
2861,53
2862,52
2863,55
286,43
2864,46
2865,50
2866,52
2867,48
2868,53
2869,51
2870,36
2871,56
2872,38
2873,49
2874,51
287,48
2875,54
2876,52
2877,49
2878,51
2879,54
2880,55
2881,50
2882,54
2883,44
2884,49
2885,50
288,57
2886,53
2887,52
2888,52
2889,42
2890,51
2891,40
2892,47
2893,55
2894,46
289,50
2895,51
2896,42
2897,44
2898,44
2899,52
2900,54
2901,50
2902,52
2903,44
290,42
2904,53
2905,53
2906,53
2907,47
2908,43
2909,41
2910,43
2911,56
2912,52
2913,51
2914,51
291,46
2915,49
2916,49
2917,50
2918,47
2919,53
2920,54
2921,58
2922,49
2923,52
2924,56
292,47
2925,51
2926,59
2927,52
2928,47
2929,55
2930,43
2931,45
2932,54
2933,44
2934,50
293,52
2935,52
2936,47
2937,56
2938,47
2939,56
2940,48
2941,48
2942,49
2943,49
2944,44
294,55
2945,52
2946,43
2947,52
2948,48
2949,51
2950,49
2951,42
2952,44
29,53
2953,53
2954,55
295,51
2955,49
2956,45
2957,59
2958,51
2959,52
2960,61
2961,40
2962,48
2963,47
2964,41
296,47
2965,54
2966,51
2967,40
2968,58
2969,62
2970,41
2971,53
2972,48
2973,58
2974,42
297,52
2975,43
2976,58
2977,52
2978,47
2979,51
2980,52
2981,60
2982,44
2983,65
2984,53
298,52
2985,45
2986,46
2987,49
2988,50
2989,45
2990,49
2991,56
2992,47
2993,41
2994,50
299,51
2995,47
2996,44
2997,55
2998,44
2999,46
3000,52
3001,62
3002,53
3003,56
3004,47
300,48
3005,46
3006,49
3007,43
3008,50
3009,47
3010,54
3011,48
3012,52
3013,45
3014,51
301,53
3015,53
3016,46
3017,55
3018,47
3019,50
3020,51
3021,43
3022,46
3023,48
3024,48
302,54
3025,49
3026,52
3027,49
3028,51
3029,52
3030,51
3031,56
3032,53
3033,55
303,37
3034,54
3035,44
3036,45
3037,55
3038,49
3039,59
3040,52
3041,53
3042,48
3043,47
3044,48
304,49
3045,58
3046,43
3047,43
30,48
3048,52
3049,58
3050,51
3051,50
3052,44
3053,39
3054,52
305,53
3055,44
3056,47
3057,56
3058,50
3059,55
3060,59
3061,50
3062,58
3063,49
3064,53
3065,47
3066,39
306,65
3067,41
3068,59
3069,52
3070,52
3071,42
3072,44
3073,43
307,43
3074,50
3075,46
3076,53
3077,64
3078,57
3079,47
3080,52
3081,49
3082,46
3083,54
3084,53
308,48
3085,52
3086,46
3087,44
3088,37
3089,50
3090,55
3091,56
3092,50
3093,46
3094,40
309,54
3095,53
3096,59
3097,49
3098,48
3099,54
3100,42
3101,53
3102,55
3103,51
3104,52
310,51
3105,50
3106,41
3107,54
3108,44
3109,43
3110,57
3111,49
3112,51
3113,57
3114,49
311,47
3115,54
3116,47
3117,55
3118,46
3119,48
3120,55
3121,44
3122,55
3123,54
3124,50
3125,48
312,56
3126,56
3127,52
3128,49
3129,51
3130,47
3131,57
3132,50
3133,53
3134,50
313,53
3135,54
3136,51
3137,54
3138,47
3139,48
3140,49
3141,60
3142,46
31,43
3143,54
3144,49
314,54
3145,50
3146,46
3147,49
3148,48
3149,42
3150,46
3151,43
3152,46
3153,53
3154,49
315,54
3155,45
3156,43
3157,52
3158,46
3159,51
3160,52
3161,47
3162,46
3163,52
3164,45
316,45
3165,44
3166,49
3167,52
3168,50
3169,49
3170,51
3171,41
3172,56
3173,56
3174,37
3175,51
317,56
3176,44
3177,47
3178,59
3179,43
3180,49
3181,46
3182,54
3183,54
3184,46
318,52
3185,49
3186,45
3187,45
3188,55
3189,49
3190,55
3191,36
3192,49
3193,51
3194,46
319,53
3195,49
3196,53
3197,58
3198,49
3199,40
3200,36
3201,52
3202,41
3203,52
320,45
3204,53
3205,54
3206,50
3207,54
3208,61
3209,52
3210,53
3211,52
3212,62
3213,50
3214,53
321,47
3215,47
3216,46
3217,48
3218,48
3219,49
3220,45
3221,46
3222,50
3223,49
3224,50
322,54
3225,48
3226,42
3227,50
3228,48
3229,53
3230,63
3231,50
3232,56
3233,52
3234,63
323,50
3235,51
3236,54
3237,58
3238,57
3239,57
3240,47
3241,48
3242,44
3243,52
324,40
3244,46
3245,48
3246,51
3247,49
3248,46
3249,52
32,50
3250,53
3251,51
3252,42
3253,54
3254,48
325,47
3255,48
3256,51
3257,56
3258,51
3259,43
3260,55
3261,60
3262,53
3263,45
3264,44
326,49
3265,51
3266,45
3267,49
3268,51
3269,48
3270,55
3271,55
3272,55
3273,53
3274,59
327,47
3275,56
3276,56
3277,52
3278,54
3279,58
3280,52
3281,52
3282,47
3283,49
3284,53
328,46
3285,47
3286,49
3287,56
3288,52
3289,43
3290,52
3291,48
3292,55
3293,51
3294,41
329,48
3295,57
3296,54
3297,47
3298,42
3299,54
3300,48
3301,49
3302,39
3303,58
3304,47
330,45
3305,56
3306,49
3307,56
3308,48
3309,51
3310,42
3311,45
3312,50
3313,51
3314,52
3315,51
331,56
3316,53
3317,49
3318,49
3319,58
3320,48
3321,43
3322,48
3323,51
3324,44
3325,46
332,63
3326,59
3327,57
3328,60
3329,52
3330,51
3331,55
3332,46
3333,45
3334,41
3335,53
333,57
3336,56
3337,52
3338,62
3339,43
3340,50
3341,52
3342,47
3343,59
3344,47
334,52
3345,57
3346,46
3347,40
3348,56
3349,46
3350,50
3351,46
33,52
3352,54
3353,51
3354,58
335,48
3355,47
3356,50
3357,47
3358,50
3359,52
3360,47
3361,46
3362,43
3363,48
3364,60
336,49
3365,41
3366,51
3367,42
3368,50
3369,50
3370,50
3371,53
3372,47
3373,45
337,44
3374,52
3375,54
3376,52
3377,48
3378,36
3379,48
3380,54
3381,48
3382,50
3383,47
3384,51
338,52
3385,50
3386,51
3387,43
3388,56
3389,60
3390,49
3391,54
3392,42
3393,41
3394,54
339,48
3395,51
3396,55
3397,51
3398,63
3399,49
3400,41
3401,45
3402,51
3403,44
3404,48
340,47
3405,47
3406,54
3407,48
3408,51
3409,50
3410,53
3411,51
3412,55
3413,50
3414,51
341,47
3415,53
3416,36
3417,49
3418,49
3419,51
3420,54
3421,48
3422,51
3423,61
3424,44
342,55
3425,54
3426,51
3427,45
3428,48
3429,51
3430,52
3431,50
3432,46
3433,49
3434,47
343,54
3435,47
3436,55
3437,46
3438,55
3439,55
3440,48
3441,36
3442,51
3443,49
3444,55
3445,62
344,57
3446,44
3447,40
3448,54
3449,52
3450,46
3451,45
3452,48
3453,59
3454,54
34,55
345,52
3455,48
3456,54
3457,50
3458,54
3459,50
3,46
3460,53
3461,44
3462,52
3463,50
3464,52
346,50
3465,40
3466,51
3467,43
3468,50
3469,49
3470,55
3471,50
3472,47
3473,54
3474,47
347,55
3475,57
3476,53
3477,61
3478,58
3479,44
3480,50
3481,57
3482,46
3483,47
3484,43
348,53
3485,49
3486,48
3487,55
3488,43
3489,52
3490,51
3491,48
3492,43
3493,46
3494,57
3495,53
349,57
3496,44
3497,54
3498,48
3499,46
3500,56
3501,46
3502,46
3503,55
3504,50
350,47
3505,50
3506,49
3507,37
3508,56
3509,57
3510,54
3511,54
3512,46
3513,41
351,41
3514,50
3515,46
3516,48
3517,45
3518,53
3519,57
3520,58
3521,43
3522,45
3523,37
3524,54
352,53
3525,46
3526,48
3527,48
3528,49
3529,51
3530,40
3531,55
3532,53
3533,55
3534,57
353,51
3535,56
35,36
3536,50
3537,42
3538,37
3539,55
3540,61
3541,46
3542,44
3543,44
3544,53
354,50
3545,56
3546,47
3547,52
3548,53
3549,52
3550,55
3551,41
3552,56
3553,47
3554,56
355,52
3555,47
3556,46
3557,60
3558,56
3559,50
3560,51
3561,49
3562,55
3563,44
356,41
3564,59
3565,57
3566,45
3567,46
3568,59
3569,56
3570,50
3571,48
3572,45
3573,55
357,45
3574,56
3575,45
3576,50
3577,46
3578,61
3579,41
3580,52
3581,51
3582,55
3583,45
3584,52
358,54
3585,50
3586,51
3587,51
3588,59
3589,46
3590,47
3591,53
3592,46
3593,42
3594,56
359,48
3595,47
3596,47
3597,48
3598,52
3599,50
3600,54
3601,49
3602,48
3603,49
3604,52
3605,47
360,56
3606,50
3607,43
3608,48
3609,40
3610,46
3611,50
3612,49
3613,53
3614,46
361,49
3615,52
3616,46
3617,55
3618,51
3619,52
3620,58
3621,51
3622,49
3623,50
3624,54
362,47
3625,53
3626,53
3627,54
3628,61
3629,42
3630,47
3631,54
3632,57
3633,57
3634,47
3635,51
363,58
3636,53
3637,39
3638,48
3639,54
3640,55
3641,59
3642,54
3643,54
3644,55
364,54
3645,43
3646,51
3647,52
3648,50
3649,46
3650,50
36,51
3651,55
3652,51
3653,50
3654,47
365,48
3655,41
3656,53
3657,43
3658,50
3659,53
3660,47
3661,53
3662,52
3663,49
3664,53
3665,50
366,56
3666,50
3667,57
3668,54
3669,52
3670,57
3671,53
3672,59
3673,50
3674,46
367,47
3675,47
3676,53
3677,48
3678,45
3679,45
3680,39
3681,52
3682,51
3683,61
368,42
3684,55
3685,48
3686,45
3687,54
3688,48
3689,49
3690,50
3691,49
3692,47
3693,53
3694,44
369,54
3695,45
3696,35
3697,44
3698,46
3699,51
3700,49
3701,57
3702,50
3703,53
370,45
3704,50
3705,46
3706,50
3707,46
3708,53
3709,51
3710,52
3711,51
3712,51
3713,48
3714,52
371,50
3715,49
3716,54
3717,53
3718,49
3719,49
3720,46
3721,55
3722,53
3723,48
3724,49
372,46
3725,50
3726,53
3727,58
3728,48
3729,55
3730,56
3731,46
3732,58
3733,44
3734,49
373,50
3735,50
3736,48
3737,48
3738,46
3739,53
3740,45
3741,50
3742,45
3743,56
3744,52
374,49
3745,52
3746,48
3747,52
3748,61
3749,50
3750,59
3751,43
37,52
3752,48
3753,48
3754,43
375,48
3755,52
3756,45
3757,48
3758,47
3759,52
3760,57
3761,53
3762,50
3763,50
3764,51
376,50
3765,49
3766,54
3767,50
3768,45
3769,52
3770,57
3771,56
3772,52
3773,41
3774,52
3775,53
377,60
3776,48
3777,49
3778,47
3779,46
3780,48
3781,52
3782,63
3783,50
3784,53
378,48
3785,49
3786,42
3787,44
3788,51
3789,46
3790,50
3791,45
3792,42
3793,53
3794,57
379,53
3795,54
3796,42
3797,41
3798,47
3799,49
3800,49
3801,49
3802,52
3803,41
3804,55
3805,50
380,61
3806,43
3807,58
3808,50
3809,49
3810,53
3811,46
3812,49
3813,49
3814,43
3815,53
381,57
3816,51
3817,53
3818,46
3819,51
3820,49
3821,52
3822,44
3823,53
3824,62
382,52
3825,49
3826,42
3827,48
3828,49
3829,43
3830,46
3831,41
3832,51
3833,47
3834,49
383,47
3835,51
3836,46
3837,48
3838,48
3839,44
3840,54
3841,48
3842,48
3843,41
38,44
3844,51
384,50
3845,47
3846,53
3847,50
3848,51
3849,54
3850,45
3851,50
3852,44
3853,41
3854,48
385,52
3855,53
3856,52
3857,43
3858,58
3859,65
3860,48
3861,44
3862,44
3863,43
3864,49
3865,53
386,56
3866,42
3867,54
3868,54
3869,47
3870,48
3871,47
3872,49
3873,51
3874,46
387,54
3875,41
3876,59
3877,51
3878,49
3879,46
3880,48
3881,49
3882,50
3883,50
3884,46
388,54
3885,46
3886,45
3887,41
3888,47
3889,41
3890,49
3891,52
3892,48
3893,55
3894,52
3895,44
389,56
3896,50
3897,57
3898,52
3899,55
3900,51
3901,46
3902,54
3903,47
3904,45
390,48
3905,51
3906,60
3907,55
3908,50
3909,45
3910,54
3911,52
3912,49
3913,53
3914,56
3915,47
391,59
3916,52
3917,61
3918,48
3919,48
3920,42
3921,43
3922,56
3923,47
3924,49
3925,52
392,57
3926,50
3927,54
3928,52
3929,52
3930,58
3931,45
3932,57
3933,44
3934,53
393,48
3935,53
3936,57
3937,50
3938,50
3939,47
3940,56
3941,47
3942,53
3943,39
3944,56
394,47
3945,46
3946,49
3947,47
3948,58
3949,55
3950,52
3951,62
3952,50
3953,51
3954,53
395,46
3955,56
39,56
3956,43
3957,51
3958,41
3959,51
3960,46
3961,43
3962,58
3963,42
3964,47
396,52
3965,51
3966,58
3967,50
3968,51
3969,51
3970,49
3971,50
3972,38
3973,54
397,44
3974,46
3975,48
3976,49
3977,49
3978,49
3979,57
3980,52
3981,54
3982,47
3983,57
3984,51
3985,48
398,55
3986,51
3987,59
3988,50
3989,52
3990,45
3991,47
3992,47
3993,36
3994,41
3995,44
399,58
3996,60
3997,50
3998,47
3999,45
4000,48
4001,51
4002,43
4003,45
4004,57
400,50
4005,48
4006,45
4007,51
4008,48
4009,51
4010,44
4011,52
4012,47
4013,53
401,41
4014,48
4015,52
4016,44
4017,52
4018,36
4019,42
4020,43
4021,47
4022,48
4023,48
4024,43
402,45
4025,48
4026,43
4027,44
4028,49
4029,60
4030,55
4031,59
4032,48
4033,48
4034,46
403,45
4035,47
4036,45
4037,44
4038,55
4039,47
4040,54
4041,60
4042,53
4043,57
404,44
4044,56
4045,47
4046,48
4047,40
4048,50
40,49
4049,55
4050,41
4051,45
4052,38
4053,46
4054,51
405,47
4055,50
4056,51
4057,46
4058,49
4059,49
4060,49
4061,45
4062,41
4063,57
4064,57
406,53
4065,51
4066,49
4067,45
4068,50
4069,49
4070,43
4071,50
4072,49
4073,56
407,41
4074,47
4075,55
4076,47
4077,57
4078,46
4079,49
4080,54
4081,55
4082,52
4083,50
4084,57
408,48
4085,43
4086,46
4087,43
4088,50
4089,51
4090,50
4091,60
4092,47
4093,53
4094,48
409,52
4095,52
4096,43
4097,46
4098,55
4099,42
4100,50
4101,42
4102,54
4103,50
4104,46
410,49
4105,54
4106,52
4107,52
4108,46
4109,51
4110,49
4111,57
4112,50
4113,45
4114,44
411,47
4115,45
4116,57
4117,46
4118,50
4119,47
4120,42
4121,47
4122,45
4123,50
4124,52
412,46
4125,46
4126,39
4127,56
4128,48
4129,51
4130,49
4131,51
4132,52
4133,54
4134,40
413,47
4135,53
4136,62
4137,47
4138,46
4139,38
4140,46
4141,48
4142,41
4143,53
414,45
4144,52
4145,54
4146,45
4147,50
41,48
4148,43
4149,50
4150,48
4151,62
4152,55
4153,51
415,45
4154,59
4155,52
4156,51
4157,46
4158,55
4159,44
4160,45
4161,56
4162,51
4163,50
4164,54
416,52
4165,46
4166,52
4167,58
4168,53
4169,46
4170,60
4171,58
4172,51
4173,47
417,43
4174,55
4175,56
4176,46
4177,52
4178,57
4179,54
4180,51
4181,50
4182,47
4183,55
4184,50
418,50
4185,47
4186,53
4187,40
4188,49
4189,54
4190,44
4191,49
4192,48
4193,51
4194,42
419,48
4195,55
4196,43
4197,56
4198,47
4199,46
4200,51
4201,47
4202,53
4203,42
4204,44
420,51
4205,64
4206,50
4207,57
4208,46
4209,52
4210,49
4211,49
4212,51
4213,56
4214,50
4215,49
421,61
4216,47
4217,48
4218,54
4219,52
4220,49
4221,42
4222,51
4223,50
4224,47
4225,53
422,57
4226,51
4227,52
4228,52
4229,52
4230,47
4231,50
4232,47
4233,48
4234,51
423,51
4235,53
4236,45
4237,47
4238,47
4239,60
4240,62
4241,56
4242,58
4243,57
4244,50
424,53
4245,52
4246,43
4247,53
42,48
4248,47
4249,51
4250,56
4251,50
4252,46
4253,52
4254,56
425,55
4255,50
4256,43
4257,39
4258,37
4259,43
4260,54
4261,44
4262,52
4263,51
4264,43
426,48
4265,53
4266,48
4267,59
4268,51
4269,44
4270,50
4271,49
4272,51
4273,55
4274,53
4275,46
427,61
4276,56
4277,49
4278,45
4279,55
4280,51
4281,36
4282,49
4283,58
4284,47
428,55
4285,53
4286,53
4287,45
4288,58
4289,53
4290,58
4291,56
4292,45
4293,44
4294,52
429,48
4295,50
4296,46
4297,57
4298,51
4299,46
4300,42
4301,60
4302,46
4303,44
4304,45
4305,53
430,60
4306,43
4307,55
4308,41
4309,49
4310,47
4311,58
4312,58
4313,41
431,44
4314,53
4315,51
4316,50
4317,47
4318,47
4319,54
4320,46
4321,50
4322,46
4323,44
4324,56
432,47
4325,52
4326,43
4327,39
4328,57
4329,46
4330,50
4331,45
4332,52
4333,45
433,38
4334,40
4335,54
4336,45
4337,50
4338,52
4339,53
4340,45
4341,47
4342,52
4343,51
4344,43
434,47
4345,53
4346,48
4347,51
4348,47
4349,50
4350,44
4351,46
4352,56
4353,49
43,54
4354,44
4355,52
435,57
4356,48
4357,54
4358,47
4359,47
4360,51
4361,49
4362,42
4363,50
4364,44
436,45
4365,49
4366,50
4367,56
4368,49
4369,49
4370,51
4371,51
4372,52
4373,46
4374,51
437,47
4375,50
4376,54
4377,54
4378,56
4379,52
4380,52
4381,43
4382,39
4383,51
4384,49
438,49
4385,50
4386,50
4387,55
4388,47
4389,44
4390,53
4391,55
4392,45
4393,47
4394,52
4395,51
439,57
4396,53
4397,48
4398,51
4399,54
4400,43
4401,50
4402,53
4403,54
4404,39
440,49
4405,50
4406,40
4407,45
4408,53
4409,58
4410,48
4411,45
4412,46
4413,56
441,42
4414,50
4415,40
4416,49
4417,46
4418,48
4419,39
4420,64
4421,54
4422,45
4423,50
442,38
4424,54
4425,48
4426,44
4427,47
4428,50
4429,56
4430,54
4431,43
4432,45
4433,58
4434,53
443,51
4435,40
4436,54
4437,56
4438,51
4439,49
4440,50
4441,52
4442,50
4443,46
4444,47
444,47
4445,55
4446,43
4447,59
4448,47
4449,56
4450,50
4451,45
4452,40
4453,56
4454,55
4455,47
445,56
4456,44
44,57
4457,53
4458,49
4459,50
4460,49
4461,49
4462,53
4463,41
4464,54
446,54
4465,51
4466,53
4467,37
4468,51
4469,50
4470,45
4471,61
4472,50
4473,47
4474,44
447,50
4475,47
4476,39
4477,46
4478,65
4479,46
4480,49
4481,54
4482,50
4483,49
4484,52
448,50
4485,54
4486,51
4487,53
4488,54
4489,55
4490,51
4491,50
4492,60
4493,48
4494,47
449,50
4495,46
4496,50
4497,57
4498,45
4499,49
4500,49
4501,49
4502,51
4503,54
4504,47
450,53
4505,42
4506,46
4507,48
4508,46
4509,45
4510,52
4511,49
4512,41
4513,54
4514,51
451,50
4515,50
4516,42
4517,43
4518,50
4519,52
4,52
4520,52
4521,41
4522,52
4523,50
452,43
4524,54
4525,42
4526,58
4527,54
4528,51
4529,50
4530,54
4531,55
4532,58
4533,50
4534,53
453,53
4535,59
4536,55
4537,55
4538,49
4539,41
4540,59
4541,49
4542,48
4543,42
4544,50
454,50
4545,52
4546,54
4547,53
4548,51
4549,53
4550,57
45,51
4551,55
4552,54
4553,57
4554,56
4555,58
455,59
4556,53
4557,51
4558,56
4559,53
4560,52
4561,41
4562,49
4563,51
4564,49
456,50
4565,45
4566,52
4567,41
4568,51
4569,57
4570,58
4571,53
4572,56
4573,45
4574,51
457,53
4575,48
4576,46
4577,53
4578,51
4579,51
4580,47
4581,46
4582,49
4583,56
4584,62
458,52
4585,47
4586,43
4587,51
4588,58
4589,49
4590,44
4591,49
4592,43
4593,48
4594,53
4595,51
459,60
4596,47
4597,42
4598,51
4599,59
4600,39
4601,46
4602,53
4603,54
4604,53
460,53
4605,45
4606,52
4607,46
4608,42
4609,40
4610,56
4611,56
4612,57
4613,43
461,43
4614,50
4615,53
4616,52
4617,52
4618,46
4619,57
4620,56
4621,49
4622,48
4623,49
4624,54
462,47
4625,58
4626,54
4627,53
4628,45
4629,53
4630,58
4631,50
4632,44
4633,51
4634,51
4635,40
463,59
4636,49
4637,49
4638,60
4639,43
4640,47
4641,49
4642,56
4643,59
4644,53
464,51
4645,44
4646,51
4647,50
4648,48
4649,51
4650,52
4651,46
4652,58
4653,57
4654,55
4655,49
465,56
4656,46
4657,54
46,58
4658,54
4659,40
4660,51
4661,49
4662,55
4663,48
4664,54
466,55
4665,51
4666,39
4667,47
4668,52
4669,48
4670,46
4671,45
4672,53
4673,51
4674,56
467,48
4675,55
4676,53
4677,48
4678,56
4679,51
4680,54
4681,56
4682,49
4683,49
468,43
4684,47
4685,37
4686,45
4687,46
4688,45
4689,44
4690,39
4691,46
4692,52
4693,53
4694,47
469,48
4695,43
4696,58
4697,50
4698,54
4699,52
4700,46
4701,58
4702,52
4703,48
4704,50
470,52
4705,53
4706,48
4707,45
4708,53
4709,43
4710,56
4711,53
4712,55
4713,55
471,44
4714,53
4715,47
4716,55
4717,44
4718,54
4719,48
4720,43
4721,58
4722,48
4723,51
4724,46
472,46
4725,54
4726,46
4727,45
4728,56
4729,50
4730,52
4731,47
4732,49
4733,56
473,43
4734,54
4735,48
4736,49
4737,51
4738,53
4739,46
4740,55
4741,57
4742,47
4743,57
474,44
4744,47
4745,47
4746,47
4747,44
4748,44
4749,48
4750,54
47,51
4751,47
4752,56
4753,48
4754,48
4755,50
475,62
4756,50
4757,56
4758,42
4759,54
4760,48
4761,49
4762,51
4763,52
476,37
4764,48
4765,49
4766,52
4767,50
4768,56
4769,47
4770,49
4771,48
4772,39
4773,44
4774,49
4775,42
477,59
4776,49
4777,51
4778,48
4779,44
4780,52
4781,52
4782,51
4783,39
4784,50
478,51
4785,40
4786,51
4787,50
4788,42
4789,50
4790,48
4791,50
4792,49
4793,46
4794,49
4795,54
479,56
4796,47
4797,46
4798,49
4799,46
4800,48
4801,52
4802,59
4803,40
4804,46
4805,45
480,56
4806,58
4807,44
4808,47
4809,45
4810,58
4811,52
4812,48
4813,57
4814,42
481,52
4815,51
4816,48
4817,56
4818,49
4819,51
4820,46
4821,51
4822,56
4823,44
4824,41
482,53
4825,42
4826,55
4827,53
4828,45
4829,48
4830,54
4831,56
4832,50
4833,51
4834,48
483,51
4835,56
4836,47
4837,46
4838,54
4839,45
4840,47
4841,50
4842,51
4843,52
4844,55
484,50
4845,51
4846,63
48,47
4847,58
4848,56
4849,53
4850,50
4851,55
4852,42
4853,55
4854,52
485,48
4855,50
4856,49
4857,45
4858,46
4859,55
4860,60
4861,52
4862,49
4863,52
4864,51
4865,48
486,56
4866,51
4867,50
4868,58
4869,53
4870,42
4871,47
4872,54
4873,55
4874,40
487,49
4875,42
4876,51
4877,41
4878,47
4879,54
4880,50
4881,51
4882,49
4883,57
488,39
4884,61
4885,41
4886,54
4887,44
4888,38
4889,54
4890,45
4891,48
4892,61
4893,50
4894,52
489,50
4895,41
4896,51
4897,46
4898,58
4899,47
4900,53
4901,61
4902,49
4903,48
490,45
4904,53
4905,54
4906,48
4907,44
4908,63
4909,45
4910,45
4911,53
4912,49
4913,47
4914,53
491,47
4915,41
4916,49
4917,51
4918,49
4919,48
4920,47
4921,62
4922,54
4923,55
4924,49
4925,47
492,58
4926,44
4927,48
4928,51
4929,51
4930,58
4931,58
4932,46
4933,56
4934,51
493,50
4935,48
4936,53
4937,53
4938,46
4939,56
4940,49
4941,54
4942,43
4943,49
4944,47
494,52
4945,47
4946,49
4947,50
4948,46
4949,52
4950,47
4951,46
4952,55
4953,50
4954,46
49,55
495,53
4955,60
4956,53
4957,58
4958,43
4959,55
4960,52
4961,46
4962,49
4963,49
4964,48
496,48
4965,60
4966,51
4967,48
4968,42
4969,45
4970,44
4971,51
4972,46
4973,51
4974,47
497,52
4975,44
4976,49
4977,58
4978,47
4979,51
4980,41
4981,44
4982,57
4983,61
4984,56
498,48
4985,44
4986,57
4987,46
4988,47
4989,52
4990,40
4991,44
4992,56
4993,48
4994,48
499,52
4995,51
4996,50
4997,42
4998,48
4999,47
5000,44
5001,46
5002,39
5003,49
500,41
5004,48
5005,49
5006,40
5007,55
5008,47
5009,42
5010,46
5011,40
5012,42
5013,57
5014,57
5015,54
501,58
5016,44
5017,53
5018,48
5019,51
5020,53
5021,53
5022,50
5023,53
5024,49
5025,43
502,61
5026,55
5027,41
5028,54
5029,48
5030,46
5031,52
5032,57
5033,48
5034,50
503,53
5035,51
5036,53
5037,47
5038,54
5039,49
5040,50
5041,50
5042,51
5043,53
504,41
5044,37
5045,56
5046,49
5047,50
5048,48
5049,44
5050,45
5051,48
5052,56
5053,47
5054,44
50,55
505,55
5055,56
5056,47
5057,43
5058,46
5059,46
5060,54
5061,57
5062,48
5063,55
5064,56
506,51
5065,45
5066,50
5067,45
5068,54
5069,54
5070,44
5071,52
5072,44
5073,53
5074,50
507,47
5075,43
5076,52
5077,58
5078,53
5079,51
5080,52
5081,55
5082,54
5083,51
5084,61
508,53
5085,57
5086,52
5087,49
5088,47
5089,49
5090,53
5091,44
5092,54
5093,53
509,44
5094,51
5095,49
5096,48
5097,57
5098,42
5099,56
5100,47
5101,44
5102,50
5103,49
5104,43
510,54
5105,47
5106,58
5107,55
5108,45
5109,47
5110,53
5111,52
5112,39
5113,57
5114,57
511,48
5115,49
5116,44
5117,49
5118,52
5119,53
5120,57
5121,43
5122,45
5123,44
5124,47
5125,51
512,58
5126,42
5127,59
5128,50
5129,56
5130,53
5131,55
5132,52
5133,54
5134,54
513,51
5135,55
5136,51
5137,50
5138,53
5139,44
5140,51
5141,48
5142,50
5143,53
514,41
5144,44
5145,54
5146,50
5147,48
5148,48
5149,51
5150,53
51,51
5151,45
5152,55
5153,53
5154,46
5155,53
515,56
5156,47
5157,58
5158,48
5159,48
5160,51
5161,57
5162,51
5163,50
516,44
5164,47
5165,46
5166,55
5167,46
5168,45
5169,56
5170,56
5171,44
5172,56
5173,53
5174,59
5175,51
517,56
5176,51
5177,51
5178,45
5179,41
5180,42
5181,54
5182,45
5183,45
5184,55
518,52
5185,50
5186,43
5187,69
5188,56
5189,54
5190,41
5191,53
5192,52
5193,50
519,42
5194,44
5195,46
5196,46
5197,55
5198,58
5199,48
5200,62
5201,55
5202,47
5203,48
5204,54
520,47
5205,53
5206,49
5207,50
5208,50
5209,52
5210,50
5211,50
5212,49
5213,47
5214,54
5215,46
521,55
5216,43
5217,44
5218,46
5219,51
5220,47
5221,60
5222,53
5223,51
522,45
5224,53
5225,48
5226,50
5227,55
5228,53
5229,52
5230,56
5231,60
5232,53
5233,52
523,43
5234,48
5235,51
5236,55
5237,45
5238,53
5239,45
5240,54
5241,46
5242,50
5243,51
5244,48
524,52
5245,49
5246,53
5247,49
5248,51
52,49
5249,50
5250,51
5251,51
5252,50
5253,50
5254,46
525,47
5255,45
5256,55
5257,40
5258,51
5259,48
5260,54
5261,45
5262,52
5263,58
5264,49
5265,48
526,57
5266,46
5267,46
5268,50
5269,44
5270,47
5271,46
5272,49
5273,50
5274,45
527,49
5275,48
5276,50
5277,52
5278,49
5279,41
5280,44
5281,55
5282,45
5283,47
5284,46
5285,48
528,55
5286,49
5287,53
5288,53
5289,48
5290,39
5291,55
5292,53
5293,49
5294,56
529,51
5295,54
5296,54
5297,48
5298,46
5299,49
5300,58
5301,48
5302,55
5303,54
5304,54
530,50
5305,46
5306,42
5307,47
5308,55
5309,48
5310,59
5311,46
5312,52
5313,52
5314,53
531,48
5315,51
5316,55
5317,54
5318,48
5319,48
5320,60
5321,50
5322,49
5323,43
5324,53
532,49
5325,51
5326,44
5327,58
5328,51
5329,51
5330,46
5331,44
5332,50
5333,47
5334,48
533,50
5335,47
5336,55
5337,43
5338,46
5339,57
5340,52
5341,57
5342,42
5343,46
5344,51
534,49
5345,46
5346,48
5347,50
5348,50
5349,48
5350,52
5351,47
5352,45
5353,42
535,41
5354,52
5355,46
5356,60
53,57
5357,51
5358,47
5359,49
5360,56
5361,53
5362,47
5363,46
5364,45
536,50
5365,55
5366,55
5367,54
5368,48
5369,54
5370,51
5371,53
5372,58
5373,49
5374,49
537,47
5375,44
5376,56
5377,49
5378,54
5379,48
5380,45
5381,48
5382,58
5383,55
5384,44
538,50
5385,40
5386,54
5387,47
5388,50
5389,52
5390,41
5391,52
5392,50
5393,54
5394,51
539,46
5395,43
5396,53
5397,43
5398,51
5399,51
5400,46
5401,46
5402,42
5403,46
5404,44
540,51
5405,42
5406,42
5407,48
5408,49
5409,38
5410,54
5411,53
5412,52
5413,45
5414,56
541,48
5415,57
5416,49
5417,56
5418,53
5419,57
5420,50
5421,59
5422,49
5423,45
5424,51
542,52
5425,51
5426,51
5427,55
5428,51
5429,48
5430,53
5431,58
5432,46
5433,50
5434,45
543,49
5435,52
5436,56
5437,46
5438,42
5439,44
5440,42
5441,45
5442,58
5443,48
5444,42
544,51
5445,56
5446,54
5447,51
5448,54
5449,52
5450,58
5451,45
5452,60
5453,53
5454,41
545,49
5455,54
54,56
5456,53
5457,50
5458,54
5459,55
5460,46
5461,57
5462,45
5463,46
5464,45
546,47
5465,57
5466,49
5467,39
5468,51
5469,58
5470,47
5471,42
5472,55
5473,43
5474,46
547,52
5475,53
5476,51
5477,48
5478,45
5479,61
5480,45
5481,43
5482,48
5483,49
5484,47
548,53
5485,47
5486,58
5487,54
5488,42
5489,52
5490,42
5491,50
5492,47
5493,54
5494,47
549,51
5495,47
5496,49
5497,50
5498,48
5499,47
5500,53
5501,38
5502,50
5503,57
5504,53
550,48
5505,51
5506,42
5507,55
5508,56
5509,43
5510,56
5511,50
5512,37
5513,49
551,42
5514,48
5515,42
5516,48
5517,50
5518,58
5519,45
5520,47
5521,47
5522,56
5523,44
552,45
5524,53
5525,46
5526,52
5527,49
5528,62
5529,49
5530,40
5531,51
5532,48
5533,50
553,45
5534,53
5535,50
5536,46
5537,53
5538,45
5539,58
5,54
5540,44
5541,43
5542,54
5543,45
5544,57
5545,47
554,65
5546,51
5547,56
5548,54
5549,53
5550,59
5551,47
5552,58
5553,52
5554,42
555,46
5555,60
55,56
5556,50
5557,56
5558,44
5559,52
5560,52
5561,50
5562,48
5563,50
5564,55
556,53
5565,50
5566,54
5567,40
5568,52
5569,47
5570,44
5571,45
5572,50
5573,50
5574,53
557,52
5575,49
5576,60
5577,44
5578,57
5579,50
5580,48
5581,46
5582,53
5583,48
5584,48
5585,39
558,57
5586,42
5587,50
5588,50
5589,38
5590,52
5591,57
5592,59
5593,47
559,41
5594,60
5595,51
5596,56
5597,63
5598,51
5599,50
5600,44
5601,50
5602,56
5603,48
5604,57
560,48
5605,47
5606,58
5607,45
5608,48
5609,55
5610,41
5611,51
5612,54
5613,53
5614,55
561,54
5615,42
5616,63
5617,48
5618,44
5619,42
5620,38
5621,50
5622,52
5623,47
5624,55
5625,47
562,56
5626,48
5627,51
5628,47
5629,54
5630,52
5631,53
5632,50
5633,49
5634,45
563,47
5635,54
5636,52
5637,58
5638,49
5639,43
5640,53
5641,53
5642,40
5643,60
564,44
5644,53
5645,69
5646,45
5647,51
5648,46
5649,40
5650,53
5651,53
5652,53
5653,50
5654,54
565,51
5655,50
5656,48
56,57
5657,48
5658,51
5659,51
5660,53
5661,47
5662,48
5663,55
5664,48
566,53
5665,56
5666,57
5667,49
5668,60
5669,45
5670,44
5671,56
5672,43
5673,46
5674,41
567,52
5675,48
5676,54
5677,58
5678,47
5679,52
5680,48
5681,57
5682,60
5683,54
5684,40
568,49
5685,48
5686,48
5687,58
5688,54
5689,56
5690,51
5691,54
5692,53
5693,53
5694,55
569,54
5695,43
5696,43
5697,44
5698,59
5699,51
5700,57
5701,51
5702,54
5703,53
5704,45
570,54
5705,53
5706,51
5707,47
5708,55
5709,42
5710,38
5711,51
5712,48
5713,62
5714,41
571,48
5715,49
5716,52
5717,54
5718,47
5719,51
5720,55
5721,45
5722,58
5723,53
5724,57
572,48
5725,47
5726,48
5727,47
5728,36
5729,59
5730,43
5731,46
5732,56
5733,49
5734,48
5735,46
573,58
5736,55
5737,53
5738,45
5739,45
5740,46
5741,53
5742,48
5743,40
5744,47
574,55
5745,50
5746,51
5747,44
5748,50
5749,45
5750,44
5751,49
5752,48
57,53
5753,40
5754,49
575,52
5755,47
5756,56
5757,55
5758,51
5759,48
5760,48
5761,57
5762,51
5763,54
5764,54
576,50
5765,53
5766,46
5767,45
5768,44
5769,49
5770,55
5771,49
5772,45
5773,58
577,43
5774,56
5775,53
5776,47
5777,47
5778,47
5779,47
5780,46
5781,52
5782,48
5783,59
5784,51
578,52
5785,44
5786,51
5787,59
5788,50
5789,42
5790,48
5791,47
5792,53
5793,51
5794,57
579,49
5795,56
5796,51
5797,54
5798,53
5799,56
5800,57
5801,53
5802,47
5803,41
5804,52
580,49
5805,66
5806,47
5807,56
5808,49
5809,51
5810,48
5811,54
5812,51
5813,51
5814,41
581,49
5815,49
5816,51
5817,44
5818,50
5819,47
5820,47
5821,50
5822,54
5823,47
5824,43
582,51
5825,55
5826,46
5827,51
5828,52
5829,55
5830,58
5831,53
5832,48
5833,53
5834,38
583,51
5835,50
5836,59
5837,56
5838,49
5839,48
5840,58
5841,53
5842,47
5843,58
5844,46
584,46
5845,51
5846,52
5847,51
5848,51
5849,50
5850,61
5851,45
5852,50
5853,58
5854,59
585,53
5855,58
5856,50
5857,49
5858,54
5859,45
58,60
5860,44
5861,54
5862,53
5863,46
586,42
5864,55
5865,46
5866,47
5867,54
5868,60
5869,51
5870,56
5871,56
5872,50
5873,51
5874,50
587,53
5875,56
5876,59
5877,54
5878,52
5879,53
5880,51
5881,53
5882,47
5883,54
5884,49
588,46
5885,50
5886,42
5887,51
5888,40
5889,46
5890,49
5891,58
5892,44
5893,48
5894,50
5895,55
589,56
5896,47
5897,49
5898,48
5899,51
5900,43
5901,53
5902,54
5903,57
5904,53
590,48
5905,50
5906,47
5907,47
5908,44
5909,52
5910,53
5911,50
5912,45
5913,50
5914,43
5915,43
591,55
5916,53
5917,53
5918,43
5919,54
5920,59
5921,52
5922,54
5923,45
5924,50
592,53
5925,50
5926,55
5927,53
5928,45
5929,55
5930,60
5931,38
5932,47
5933,52
5934,58
5935,47
593,57
5936,47
5937,45
5938,45
5939,51
5940,49
5941,55
5942,39
5943,54
5944,59
594,50
5945,46
5946,59
59,47
5947,46
5948,47
5949,46
5950,56
5951,49
5952,42
5953,56
5954,56
595,49
5955,59
5956,46
5957,57
5958,49
5959,56
5960,48
5961,61
5962,54
5963,49
5964,47
5965,52
5966,48
596,68
5967,47
5968,53
5969,51
5970,59
5971,53
5972,51
5973,38
5974,41
597,50
5975,44
5976,39
5977,57
5978,54
5979,41
5980,43
5981,53
5982,50
5983,54
5984,55
598,54
5985,51
5986,43
5987,47
5988,47
5989,44
5990,50
5991,48
5992,57
5993,59
599,41
5994,53
5995,56
5996,44
5997,56
5998,41
5999,48
6000,47
6001,44
6002,54
6003,42
6004,50
600,46
6005,53
6006,48
6007,48
6008,46
6009,51
6010,54
6011,44
6012,38
6013,45
6014,48
601,54
6015,46
6016,50
6017,50
6018,49
6019,57
6020,45
6021,52
6022,45
6023,53
6024,53
602,48
6025,60
6026,56
6027,54
6028,38
6029,45
6030,44
6031,52
6032,51
6033,45
6034,53
603,51
6035,52
6036,47
6037,59
6038,46
6039,51
6040,52
6041,47
6042,50
6043,57
6044,43
604,45
6045,49
6046,49
6047,50
6048,54
6049,50
6050,56
60,51
6051,47
6052,53
6053,49
6054,49
605,52
6055,52
6056,50
6057,47
6058,59
6059,47
6060,50
6061,55
6062,56
6063,50
6064,49
606,48
6065,59
6066,53
6067,52
6068,49
6069,55
6070,62
6071,51
6072,59
6073,55
6074,45
607,51
6075,46
6076,52
6077,49
6078,48
6079,50
6080,59
6081,54
6082,53
6083,53
6084,44
608,54
6085,55
6086,52
6087,53
6088,57
6089,53
6090,45
6091,62
6092,44
6093,54
6094,50
609,53
6095,57
6096,56
6097,46
6098,56
6099,42
6100,42
6101,42
6102,52
6103,51
6104,52
610,54
6105,49
6106,52
6107,43
6108,56
6109,48
6110,48
6111,45
6112,49
6113,50
6114,50
611,52
6115,55
6116,53
6117,49
6118,55
6119,47
6120,44
6121,58
6122,51
6123,45
6124,46
612,52
6125,39
6126,48
6127,58
6128,40
6129,53
6130,51
6131,37
6132,48
6133,48
6134,54
613,48
6135,46
6136,46
6137,54
6138,53
6139,39
6140,53
6141,54
6142,39
6143,42
6144,48
61,45
6145,49
614,58
6146,49
6147,50
6148,50
6149,50
6150,55
6151,48
6152,49
6153,53
6154,42
615,45
6155,43
6156,49
6157,43
6158,49
6159,46
6160,49
6161,57
6162,44
6163,50
6164,44
616,49
6165,53
6166,50
6167,53
6168,46
6169,51
6170,44
6171,53
6172,52
6173,60
617,44
6174,56
6175,54
6176,55
6177,51
6178,52
6179,52
6180,47
6181,57
6182,46
6183,49
6184,49
6185,48
618,55
6186,49
6187,56
6188,51
6189,49
6190,45
6191,50
6192,45
6193,51
6194,45
619,49
6195,51
6196,44
6197,46
6198,58
6199,52
6200,48
6201,54
6202,51
6203,48
620,44
6204,50
6205,49
6206,43
6207,47
6208,47
6209,46
6210,52
6211,51
6212,47
6213,48
6214,52
621,50
6215,61
6216,48
6217,48
6218,49
6219,48
6220,53
6221,53
6222,55
6223,43
622,45
6224,54
6225,48
6226,54
6227,53
6228,46
6229,48
6230,49
6231,50
6232,51
6233,53
623,43
6234,47
6235,54
6236,52
6237,56
6238,49
6239,48
6240,66
6241,49
6242,57
6243,45
624,44
6244,53
6245,53
6246,49
6247,55
6248,49
62,49
6249,57
6250,39
6251,51
6252,52
6253,46
625,42
6254,54
6255,54
6256,55
6257,56
6258,51
6259,54
6260,54
6261,50
6262,47
6263,46
6264,51
626,52
6265,44
6266,59
6267,48
6268,45
6269,42
6270,55
6271,49
6272,51
6273,39
6274,52
627,46
6275,53
6276,45
6277,43
6278,54
6279,45
6280,47
6281,51
6282,56
6283,52
628,41
6284,47
6285,50
6286,47
6287,53
6288,44
6289,45
6290,51
6291,55
6292,52
6293,54
6294,45
629,47
6295,51
6296,56
6297,47
6298,50
6299,46
6300,39
6301,45
6302,55
6303,53
6304,49
630,54
6305,60
6306,50
6307,44
6308,50
6309,50
6310,45
6311,49
6312,61
6313,50
6314,58
631,51
6315,44
6316,34
6317,52
6318,49
6319,48
6320,51
6321,52
6322,44
6323,52
6324,45
632,49
6325,54
6326,47
6327,47
6328,44
6329,49
6330,57
6331,54
6332,51
6333,38
6334,49
6335,47
633,60
6336,51
6337,45
6338,46
6339,53
6340,55
6341,55
6342,40
6343,52
634,43
6344,47
6345,51
6346,39
6347,52
6348,43
6349,47
6350,50
6351,51
6352,53
6353,47
63,54
6354,55
635,46
6355,49
6356,40
6357,43
6358,49
6359,48
6360,50
6361,45
6362,55
6363,43
6364,46
636,48
6365,57
6366,51
6367,51
6368,39
6369,40
6370,57
6371,51
6372,55
6373,44
6374,38
637,47
6375,40
6376,52
6377,50
6378,55
6379,54
6380,63
6381,47
6382,55
6383,54
6384,52
638,49
6385,49
6386,60
6387,57
6388,42
6389,48
6390,51
6391,57
6392,49
6393,41
6394,44
639,49
6395,54
6396,53
6397,54
6398,49
6399,48
6400,49
6401,46
6402,50
6403,51
6404,47
640,53
6405,50
6406,50
6407,52
6408,50
6409,58
6410,55
6411,61
6412,59
6413,52
6414,59
641,52
6415,46
6416,47
6417,53
6418,48
6419,52
6420,53
6421,60
6422,54
6423,58
6424,52
642,46
6425,45
6426,38
6427,55
6428,57
6429,48
6430,52
6431,53
6432,46
6433,51
6434,56
643,48
6435,53
6436,53
6437,52
6438,54
6439,36
6440,46
6441,53
6442,53
6443,54
6444,45
644,55
6445,62
6446,54
6447,54
6448,54
6449,59
6450,54
6451,52
64,52
6452,46
6453,46
6454,57
645,51
6455,48
6456,58
6457,51
6458,47
6459,49
6460,44
6461,49
6462,50
6463,52
6464,54
646,55
6465,50
6466,49
6467,49
6468,50
6469,50
6470,45
6471,45
6472,51
6473,59
647,44
6474,42
6475,43
6476,43
6477,55
6478,54
6479,60
6480,59
6481,44
6482,47
6483,44
6484,51
648,48
6485,52
6486,55
6487,61
6488,47
6489,48
6490,46
6491,54
6492,45
6493,59
6494,57
649,47
6495,54
6496,56
6497,57
6498,52
6499,50
6500,50
6501,47
6502,49
6503,47
6504,51
650,54
6505,50
6506,55
6507,43
6508,49
6509,50
6510,41
6511,48
6512,56
6513,48
6514,47
651,49
6515,47
6516,47
6517,45
6518,51
6519,56
6520,45
6521,63
6522,51
6523,51
6524,50
652,49
6525,51
6526,52
6527,41
6528,50
6529,46
6530,48
6531,50
6532,54
6533,44
6534,48
653,48
6535,47
6536,48
6537,63
6538,55
6539,46
6540,50
6541,55
6542,44
6543,51
6544,60
654,49
6545,44
6546,51
6547,53
6548,53
6549,56
6550,55
6551,49
6552,46
65,53
6553,44
6554,62
655,54
6555,42
6556,55
6557,51
6558,55
6559,43
6,56
6560,49
6561,51
6562,43
6563,50
6564,50
656,46
6565,49
6566,47
6567,53
6568,54
6569,50
6570,54
6571,45
6572,45
6573,44
6574,44
657,47
6575,44
6576,47
6577,44
6578,55
6579,48
6580,47
6581,52
6582,54
6583,46
6584,55
658,52
6585,38
6586,51
6587,50
6588,45
6589,47
6590,43
6591,48
6592,54
6593,48
6594,40
659,56
6595,64
6596,53
6597,56
6598,46
6599,49
6600,52
6601,50
6602,57
6603,50
6604,47
660,54
6605,65
6606,46
6607,52
6608,54
6609,51
6610,49
6611,54
6612,56
6613,43
6614,57
661,52
6615,49
6616,49
6617,56
6618,54
6619,42
6620,45
6621,52
6622,44
6623,44
6624,54
6625,43
662,59
6626,48
6627,48
6628,46
6629,51
6630,54
6631,40
6632,56
6633,49
6634,47
663,52
6635,42
6636,58
6637,53
6638,47
6639,48
6640,49
6641,51
6642,51
6643,54
664,37
6644,51
6645,49
66,46
6646,54
6647,55
6648,53
6649,43
6650,48
6651,49
6652,47
6653,44
6654,49
665,45
6655,41
6656,48
6657,50
6658,53
6659,49
6660,48
6661,47
6662,50
6663,39
6664,53
666,46
6665,47
6666,60
6667,43
6668,47
6669,55
6670,42
6671,48
6672,52
6673,46
667,45
6674,51
6675,56
6676,55
6677,55
6678,55
6679,51
6680,47
6681,53
6682,49
6683,50
6684,44
6685,52
668,59
6686,47
6687,48
6688,49
6689,47
6690,45
6691,49
6692,46
6693,53
6694,58
669,48
6695,52
6696,57
6697,51
6698,55
6699,44
6700,52
6701,45
6702,48
6703,43
6704,50
670,54
6705,49
6706,47
6707,43
6708,55
6709,47
6710,43
6711,50
6712,55
6713,56
6714,49
671,51
6715,42
6716,47
6717,51
6718,46
6719,52
6720,52
6721,53
6722,41
6723,57
6724,53
672,54
6725,53
6726,43
6727,48
6728,46
6729,51
6730,44
6731,58
6732,43
6733,51
6734,48
6735,47
673,55
6736,43
6737,57
6738,56
6739,47
6740,40
6741,46
6742,56
67,43
6743,48
6744,55
6745,52
674,56
6746,60
6747,53
6748,54
6749,46
6750,46
6751,46
6752,45
6753,52
6754,52
675,48
6755,53
6756,47
6757,47
6758,48
6759,39
6760,53
6761,52
6762,61
6763,48
6764,55
676,48
6765,43
6766,56
6767,47
6768,54
6769,53
6770,49
6771,48
6772,51
6773,53
6774,45
677,49
6775,41
6776,44
6777,54
6778,54
6779,52
6780,53
6781,52
6782,44
6783,60
6784,58
678,55
6785,51
6786,51
6787,55
6788,48
6789,50
6790,54
6791,44
6792,39
6793,51
6794,53
679,53
6795,47
6796,44
6797,45
6798,49
6799,47
6800,52
6801,53
6802,44
6803,46
6804,57
680,50
6805,50
6806,44
6807,51
6808,47
6809,50
6810,59
6811,47
6812,53
6813,49
6814,37
6815,52
681,59
6816,59
6817,54
6818,49
6819,50
6820,43
6821,56
6822,39
6823,52
6824,45
6825,51
682,57
6826,44
6827,43
6828,51
6829,50
6830,38
6831,53
6832,53
6833,48
6834,59
683,49
6835,50
6836,46
6837,49
6838,55
6839,48
6840,50
6841,49
6842,47
6843,37
6844,49
684,45
6845,50
6846,57
6847,41
6848,53
6849,47
6850,46
68,51
6851,53
6852,51
6853,48
6854,51
685,51
6855,48
6856,46
6857,52
6858,51
6859,48
6860,53
6861,48
6862,47
6863,45
6864,43
6865,51
686,58
6866,47
6867,50
6868,50
6869,52
6870,48
6871,36
6872,51
6873,55
6874,50
6875,46
687,57
6876,45
6877,53
6878,55
6879,50
6880,51
6881,48
6882,54
6883,56
688,44
6884,47
6885,55
6886,58
6887,48
6888,47
6889,52
6890,57
6891,45
6892,49
6893,51
6894,55
689,47
6895,57
6896,53
6897,48
6898,49
6899,56
6900,54
6901,36
6902,55
6903,52
6904,49
690,45
6905,55
6906,54
6907,50
6908,50
6909,48
6910,54
6911,52
6912,55
6913,53
6914,54
691,55
6915,58
6916,52
6917,51
6918,42
6919,49
6920,51
6921,51
6922,38
6923,46
692,41
6924,43
6925,46
6926,42
6927,50
6928,56
6929,50
6930,51
6931,50
6932,57
6933,48
6934,52
693,47
6935,49
6936,46
6937,53
6938,46
6939,50
6940,49
6941,43
6942,48
6943,45
6944,41
694,50
6945,52
6946,53
6947,48
6948,57
69,49
6949,49
6950,48
6951,43
6952,55
6953,44
6954,60
695,54
6955,50
6956,54
6957,58
6958,53
6959,45
6960,52
6961,46
6962,54
6963,58
6964,51
696,49
6965,52
6966,59
6967,45
6968,53
6969,59
6970,49
6971,50
6972,55
6973,51
6974,65
697,49
6975,48
6976,48
6977,53
6978,57
6979,54
6980,54
6981,47
6982,53
6983,46
6984,43
698,49
6985,51
6986,52
6987,48
6988,50
6989,46
6990,48
6991,47
6992,59
6993,54
6994,43
699,48
6995,52
6996,50
6997,43
6998,54
6999,51
7000,51
7001,54
7002,53
7003,52
7004,54
700,52
7005,51
7006,58
7007,44
7008,45
7009,49
7010,46
7011,54
7012,56
7013,50
701,44
7014,48
7015,44
7016,54
7017,42
7018,36
7019,56
7020,46
7021,47
7022,48
7023,48
7024,57
702,49
7025,53
7026,50
7027,44
7028,52
7029,52
7030,51
7031,56
7032,51
7033,42
7034,49
703,48
7035,54
7036,65
7037,49
7038,49
7039,51
7040,55
7041,47
7042,52
7043,46
7044,53
704,53
7045,45
7046,63
7047,51
70,48
7048,51
7049,56
7050,46
7051,52
7052,51
7053,67
7054,40
705,49
7055,46
7056,51
7057,51
7058,55
7059,45
7060,51
7061,54
7062,53
7063,47
706,44
7064,45
7065,48
7066,47
7067,51
7068,57
7069,54
7070,54
7071,44
7072,54
7073,47
707,42
7074,52
7075,52
7076,54
7077,47
7078,61
7079,51
7080,49
7081,52
7082,46
7083,48
7084,44
708,52
7085,42
7086,44
7087,51
7088,40
7089,48
7090,44
7091,46
7092,56
7093,54
7094,52
709,50
7095,54
7096,50
7097,60
7098,38
7099,49
7100,47
7101,49
7102,56
7103,49
7104,55
710,49
7105,52
7106,57
7107,47
7108,56
7109,57
7110,46
7111,57
7112,51
7113,41
7114,51
711,52
7115,50
7116,57
7117,52
7118,57
7119,48
7120,41
7121,49
7122,53
7123,43
712,44
7124,59
7125,44
7126,52
7127,58
7128,47
7129,51
7130,56
7131,48
7132,51
7133,43
7134,54
713,53
7135,45
7136,49
7137,44
7138,51
7139,53
7140,50
7141,47
7142,51
7143,45
7144,59
714,49
7145,54
7146,50
7147,50
7148,51
7149,50
71,50
7150,51
7151,59
7152,54
7153,50
7154,58
7155,47
715,56
7156,57
7157,48
7158,55
7159,45
7160,52
7161,53
7162,49
7163,48
716,35
7164,52
7165,54
7166,51
7167,50
7168,57
7169,54
7170,61
7171,56
7172,47
7173,59
7174,54
7175,47
717,55
7176,46
7177,57
7178,54
7179,52
7180,45
7181,47
7182,52
7183,46
7184,50
718,48
7185,47
7186,52
7187,45
7188,53
7189,47
7190,55
7191,41
7192,54
7193,57
7194,48
719,52
7195,48
7196,43
7197,50
7198,47
7199,48
7200,55
7201,42
7202,45
7203,52
7204,55
720,53
7205,56
7206,52
7207,55
7208,50
7209,48
7210,43
7211,48
7212,49
7213,58
7214,46
721,50
7215,46
7216,46
7217,50
7218,50
7219,58
7220,44
7221,38
7222,46
7223,47
7224,54
722,53
7225,53
7226,52
7227,44
7228,47
7229,54
7230,51
7231,58
7232,48
7233,49
7234,53
7235,51
723,59
7236,39
7237,41
7238,45
7239,54
7240,52
7241,48
7242,56
7243,49
724,44
7244,51
7245,51
7246,58
7247,45
7248,53
7249,54
72,50
7250,57
7251,50
7252,51
7253,55
7254,47
725,55
7255,51
7256,36
7257,46
7258,48
7259,52
7260,52
7261,48
7262,41
7263,44
7264,47
726,48
7265,49
7266,55
7267,50
7268,56
7269,51
7270,50
7271,60
7272,58
7273,51
7274,45
727,53
7275,50
7276,40
7277,44
7278,47
7279,52
7280,49
7281,49
7282,51
7283,42
728,42
7284,52
7285,55
7286,61
7287,55
7288,41
7289,42
7290,51
7291,52
7292,52
7293,45
7294,63
7295,48
729,58
7296,50
7297,46
7298,52
7299,57
7300,50
7301,51
7302,50
7303,51
730,38
7304,50
7305,47
7306,42
7307,42
7308,46
7309,40
7310,50
7311,53
7312,46
7313,44
7314,48
731,48
7315,51
7316,43
7317,55
7318,48
7319,47
7320,62
7321,47
7322,55
7323,53
732,45
7324,53
7325,58
7326,42
7327,59
7328,48
7329,51
7330,58
7331,50
7332,51
7333,48
7334,51
733,53
7335,53
7336,56
7337,48
7338,58
7339,51
7340,57
7341,58
7342,46
7343,48
7344,47
734,48
7345,44
7346,49
7347,50
73,48
7348,42
7349,50
7350,54
7351,54
7352,57
7353,40
735,41
7354,54
7355,58
7356,46
7357,59
7358,49
7359,46
7360,47
7361,54
7362,53
7363,48
7364,42
736,50
7365,47
7366,54
7367,47
7368,52
7369,46
7370,52
7371,51
7372,44
7373,47
7374,48
737,52
7375,56
7376,44
7377,43
7378,59
7379,53
7380,51
7381,47
7382,44
7383,50
7384,46
738,52
7385,53
7386,54
7387,49
7388,57
7389,44
7390,57
7391,55
7392,49
7393,49
7394,51
739,46
7395,53
7396,54
7397,58
7398,48
7399,60
7400,46
7401,43
7402,44
7403,44
7404,49
740,53
7405,52
7406,57
7407,47
7408,58
7409,46
7410,52
7411,55
7412,50
7413,53
7414,56
741,49
7415,47
7416,55
7417,51
7418,51
7419,52
7420,49
7421,42
7422,46
7423,51
7424,53
742,53
7425,36
7426,51
7427,40
7428,43
7429,52
7430,51
7431,47
7432,48
7433,53
7434,48
743,49
7435,57
7436,51
7437,44
7438,53
7439,46
7440,49
7441,54
7442,42
7443,41
7444,55
744,49
7445,53
7446,53
7447,51
7448,43
7449,55
7450,53
7451,51
7452,48
7453,48
74,54
7454,51
745,47
7455,49
7456,46
7457,47
7458,56
7459,56
7460,42
7461,56
7462,48
7463,51
7464,55
746,47
7465,49
7466,51
7467,47
7468,54
7469,55
7470,44
7471,53
7472,47
7473,54
7474,38
7475,51
747,56
7476,48
7477,53
7478,56
7479,49
7480,50
7481,53
7482,48
7483,47
7484,48
7485,56
748,57
7486,60
7487,48
7488,38
7489,47
7490,56
7491,43
7492,57
7493,42
7494,51
749,52
7495,45
7496,47
7497,52
7498,56
7499,52
7500,53
7501,46
7502,52
7503,54
7504,49
750,54
7505,43
7506,48
7507,51
7508,52
7509,51
7510,48
7511,48
7512,50
7513,48
7514,46
751,45
7515,45
7516,60
7517,47
7518,49
7519,46
7520,45
7521,47
7522,45
7523,47
7524,46
752,49
7525,41
7526,50
7527,51
7528,64
7529,45
7530,49
7531,53
7532,43
7533,43
7534,52
753,50
7535,53
7536,52
7537,44
7538,59
7539,49
7,54
7540,43
7541,46
7542,62
7543,55
7544,57
754,47
7545,53
7546,47
7547,52
7548,49
7549,54
7550,49
7551,50
7552,47
75,53
7553,55
7554,49
755,49
7555,51
7556,51
7557,46
7558,50
7559,49
7560,41
7561,54
7562,51
7563,52
7564,53
756,49
7565,45
7566,45
7567,49
7568,41
7569,46
7570,55
7571,45
7572,47
7573,54
7574,46
7575,45
757,58
7576,47
7577,51
7578,48
7579,45
7580,49
7581,49
7582,48
7583,55
7584,52
758,51
7585,41
7586,42
7587,62
7588,46
7589,49
7590,51
7591,50
7592,53
7593,49
7594,56
759,49
7595,50
7596,51
7597,53
7598,46
7599,49
7600,52
7601,62
7602,45
7603,40
7604,52
7605,35
760,62
7606,46
7607,57
7608,54
7609,47
7610,45
7611,50
7612,47
7613,53
761,43
7614,55
7615,47
7616,53
7617,48
7618,49
7619,58
7620,53
7621,51
7622,46
7623,50
7624,51
7625,48
762,60
7626,51
7627,55
7628,51
7629,58
7630,48
7631,41
7632,54
7633,48
7634,41
763,48
7635,58
7636,44
7637,52
7638,50
7639,45
7640,39
7641,47
7642,42
7643,44
7644,50
764,54
7645,51
7646,54
7647,49
7648,50
7649,43
7650,47
76,51
7651,53
7652,58
7653,48
7654,50
765,49
7655,47
7656,57
7657,55
7658,52
7659,44
7660,45
7661,46
7662,53
7663,50
7664,51
766,52
7665,44
7666,48
7667,34
7668,45
7669,46
7670,59
7671,46
7672,50
7673,53
7674,42
7675,49
767,59
7676,52
7677,43
7678,50
7679,59
7680,43
7681,62
7682,55
7683,48
7684,40
768,51
7685,45
7686,47
7687,49
7688,47
7689,47
7690,46
7691,46
7692,61
7693,46
7694,47
769,51
7695,58
7696,49
7697,49
7698,54
7699,46
7700,43
7701,48
7702,41
7703,60
7704,48
770,53
7705,48
7706,51
7707,51
7708,48
7709,49
7710,46
7711,45
7712,53
7713,46
7714,47
771,52
7715,49
7716,48
7717,49
7718,55
7719,49
7720,42
7721,53
7722,48
7723,47
772,43
7724,55
7725,47
7726,44
7727,46
7728,48
7729,45
7730,46
7731,48
7732,46
7733,55
7734,47
773,49
7735,51
7736,48
7737,44
7738,51
7739,51
7740,44
7741,44
7742,57
7743,49
7744,54
774,46
7745,51
7746,45
7747,54
7748,57
7749,56
7750,51
7751,43
7752,52
77,53
7753,42
7754,55
7755,54
775,61
7756,47
7757,47
7758,55
7759,46
7760,54
7761,46
7762,53
7763,55
7764,51
7765,53
776,57
7766,47
7767,44
7768,47
7769,60
7770,54
7771,52
7772,55
7773,45
7774,46
777,50
7775,43
7776,55
7777,54
7778,51
7779,54
7780,41
7781,54
7782,52
7783,54
7784,58
778,52
7785,54
7786,57
7787,46
7788,53
7789,42
7790,45
7791,42
7792,53
7793,52
7794,56
779,52
7795,49
7796,45
7797,56
7798,48
7799,56
7800,55
7801,48
7802,49
7803,42
7804,48
780,48
7805,51
7806,52
7807,54
7808,50
7809,46
7810,47
7811,50
7812,51
7813,51
7814,55
781,50
7815,54
7816,51
7817,53
7818,49
7819,50
7820,45
7821,49
7822,45
7823,43
782,44
7824,51
7825,42
7826,47
7827,46
7828,49
7829,52
7830,44
7831,51
7832,54
7833,48
783,42
7834,52
7835,46
7836,51
7837,53
7838,54
7839,49
7840,48
7841,47
7842,47
7843,49
7844,62
7845,52
784,61
7846,47
7847,52
78,48
7848,48
7849,48
7850,43
7851,51
7852,47
7853,42
7854,44
785,52
7855,45
7856,46
7857,60
7858,50
7859,50
7860,45
7861,44
7862,44
7863,54
7864,54
7865,51
786,56
7866,52
7867,52
7868,55
7869,56
7870,50
7871,52
7872,54
7873,43
7874,55
787,54
7875,56
7876,46
7877,52
7878,54
7879,44
7880,47
7881,48
7882,53
7883,52
7884,41
788,48
7885,56
7886,60
7887,45
7888,46
7889,55
7890,49
7891,46
7892,49
7893,50
7894,53
789,51
7895,54
7896,43
7897,53
7898,51
7899,60
7900,51
7901,49
7902,51
7903,52
7904,50
790,47
7905,51
7906,57
7907,54
7908,48
7909,44
7910,43
7911,51
7912,55
7913,51
7914,50
791,53
7915,50
7916,51
7917,54
7918,42
7919,55
7920,45
7921,52
7922,51
7923,54
7924,51
792,46
7925,51
7926,44
7927,54
7928,56
7929,48
7930,51
7931,49
7932,54
7933,53
7934,47
793,52
7935,56
7936,51
7937,46
7938,39
7939,51
7940,50
7941,50
7942,52
7943,45
7944,42
794,46
7945,49
7946,49
7947,54
7948,54
79,49
7949,43
7950,48
7951,52
7952,51
7953,52
7954,45
795,45
7955,53
7956,49
7957,45
7958,57
7959,48
7960,52
7961,54
7962,58
7963,51
796,39
7964,49
7965,55
7966,56
7967,46
7968,49
7969,46
7970,45
7971,52
7972,43
7973,45
7974,48
797,49
7975,46
7976,53
7977,59
7978,44
7979,57
7980,51
7981,49
7982,50
7983,53
7984,48
798,48
7985,49
7986,49
7987,45
7988,54
7989,48
7990,42
7991,54
7992,48
7993,49
7994,53
799,52
7995,48
7996,45
7997,43
7998,40
7999,46
8000,62
8001,47
8002,66
8003,47
8004,51
800,50
8005,49
8006,44
8007,52
8008,52
8009,49
8010,49
8011,49
8012,51
8013,42
801,41
8014,51
8015,54
8016,54
8017,55
8018,51
8019,53
8020,52
8021,49
8022,53
8023,57
8024,40
802,45
8025,50
8026,45
8027,49
8028,46
8029,51
8030,53
8031,50
8032,45
8033,58
8034,47
803,49
8035,50
8036,53
8037,46
8038,48
8039,56
8040,50
8041,59
8042,40
8043,50
8044,59
804,53
8045,43
8046,46
8047,58
8048,44
8049,59
8050,54
8051,54
80,52
8052,52
8053,43
8054,47
805,45
8055,49
8056,47
8057,49
8058,47
8059,44
8060,54
8061,52
8062,49
8063,57
8064,50
806,47
8065,44
8066,48
8067,51
8068,54
8069,52
8070,51
8071,49
8072,44
8073,50
807,40
8074,54
8075,37
8076,51
8077,43
8078,57
8079,53
8080,49
8081,50
8082,55
8083,59
8084,55
808,51
8085,47
8086,46
8087,50
8088,47
8089,47
8090,46
8091,49
8092,44
8093,47
8094,57
809,47
8095,53
8096,51
8097,47
8098,50
8099,42
8100,49
8101,56
8102,63
8103,44
8104,46
810,50
8105,52
8106,52
8107,49
8108,53
8109,49
8110,56
8111,45
8112,49
8113,57
8114,55
811,51
8115,50
8116,54
8117,48
8118,43
8119,56
8120,45
8121,48
8122,48
8123,43
8124,56
812,53
8125,46
8126,51
8127,50
8128,50
8129,53
8130,45
8131,58
8132,52
8133,52
8134,50
813,50
8135,55
8136,60
8137,53
8138,52
8139,56
8140,46
8141,44
8142,54
8143,57
8144,52
814,48
8145,56
8146,53
8147,52
8148,45
8149,49
8150,52
8151,48
8152,50
8153,46
8154,51
815,50
8155,47
81,56
8156,48
8157,45
8158,47
8159,48
8160,46
8161,54
8162,52
8163,67
8164,60
816,55
8165,55
8166,49
8167,56
8168,53
8169,51
8170,47
8171,40
8172,54
8173,55
817,42
8174,40
8175,50
8176,61
8177,54
8178,48
8179,50
8180,54
8181,38
8182,50
8183,49
8184,56
818,51
8185,54
8186,47
8187,48
8188,48
8189,53
8190,48
8191,44
8192,50
8193,45
8194,47
819,55
8195,52
8196,43
8197,49
8198,54
8199,49
8200,50
8201,44
8202,52
8203,49
8204,57
820,46
8205,44
8206,50
8207,50
8208,52
8209,50
8210,46
8211,60
8212,53
8213,47
8214,49
821,47
8215,51
8216,55
8217,51
8218,46
8219,55
8220,52
8221,52
8222,53
8223,64
8224,56
822,50
8225,53
8226,47
8227,54
8228,45
8229,56
8230,54
8231,53
8232,44
8233,50
8234,51
823,54
8235,46
8236,49
8237,58
8238,52
8239,53
8240,53
8241,45
8242,56
8243,50
8244,61
824,51
8245,51
82,46
8246,46
8247,51
8248,57
8249,45
8250,55
8251,50
8252,46
8253,47
8254,45
825,48
8255,56
8256,40
8257,48
8258,47
8259,52
8260,52
8261,49
8262,55
8263,49
8264,52
826,52
8265,53
8266,48
8267,54
8268,51
8269,52
8270,50
8271,53
8272,47
8273,58
8274,53
827,55
8275,60
8276,52
8277,47
8278,47
8279,53
8280,37
8281,52
8282,41
8283,50
8284,51
828,51
8285,47
8286,49
8287,57
8288,59
8289,50
8290,51
8291,44
8292,47
8293,53
8294,51
829,46
8295,46
8296,50
8297,58
8298,52
8299,46
8300,55
8301,55
8302,50
8303,45
8304,47
830,46
8305,49
8306,50
8307,41
8308,55
8309,52
8310,46
8311,48
8312,45
8313,60
8314,48
831,54
8315,50
8316,54
8317,52
8318,45
8319,58
8320,57
8321,54
8322,54
8323,49
8324,60
8325,43
832,56
8326,49
8327,57
8328,49
8329,51
8330,59
8331,41
8332,58
8333,44
8334,52
833,51
8335,57
8336,54
8337,58
8338,41
8339,53
8340,46
8341,62
8342,56
8343,59
8344,47
834,51
8345,48
8346,42
8347,41
8348,45
8349,49
8350,50
8351,45
8352,51
8353,59
83,54
8354,47
835,50
8355,48
8356,48
8357,51
8358,51
8359,53
8360,46
8361,53
8362,48
8363,49
836,43
8364,52
8365,58
8366,50
8367,48
8368,53
8369,56
8370,52
8371,50
8372,56
8373,46
837,45
8374,62
8375,54
8376,45
8377,49
8378,57
8379,59
8380,54
8381,49
8382,48
8383,48
8384,46
8385,48
838,57
8386,52
8387,49
8388,56
8389,45
8390,60
8391,53
8392,60
8393,41
8394,47
8395,51
839,58
8396,36
8397,56
8398,50
8399,51
8400,44
8401,49
8402,51
8403,57
8404,46
8405,40
840,58
8406,44
8407,48
8408,44
8409,52
8410,51
8411,58
8412,65
8413,47
8414,40
8415,56
841,60
8416,52
8417,49
8418,53
8419,43
8420,44
8421,49
8422,42
8423,59
8424,43
842,46
8425,53
8426,50
8427,48
8428,46
8429,46
8430,51
8431,47
8432,53
8433,45
8434,44
843,47
8435,47
8436,48
8437,50
8438,44
8439,53
8440,55
8441,50
8442,47
8443,44
8444,45
844,50
8445,49
8446,57
8447,52
8448,52
8449,51
8450,43
8451,59
84,52
8452,52
8453,61
8454,57
845,49
8455,48
8456,49
8457,51
8458,49
8459,48
8,46
8460,47
8461,51
8462,49
8463,49
8464,48
846,47
8465,47
8466,58
8467,53
8468,52
8469,52
8470,52
8471,60
8472,51
8473,52
847,44
8474,47
8475,49
8476,46
8477,49
8478,51
8479,36
8480,49
8481,56
8482,50
8483,56
8484,51
848,46
8485,53
8486,46
8487,49
8488,49
8489,55
8490,54
8491,42
8492,49
8493,48
8494,48
8495,47
849,55
8496,48
8497,52
8498,51
8499,51
8500,53
8501,49
8502,52
8503,38
8504,63
8505,53
850,56
8506,54
8507,59
8508,49
8509,57
8510,55
8511,51
8512,49
8513,52
8514,54
8515,51
851,61
8516,56
8517,56
8518,48
8519,42
8520,58
8521,55
8522,55
8523,40
8524,44
852,45
8525,46
8526,56
8527,48
8528,51
8529,52
8530,53
8531,45
8532,43
8533,46
8534,50
853,51
8535,55
8536,42
8537,44
8538,42
8539,53
8540,55
8541,52
8542,51
8543,55
854,42
8544,54
8545,52
8546,51
8547,46
8548,38
85,49
8549,52
8550,48
8551,53
8552,52
8553,52
8554,57
855,46
8555,53
8556,52
8557,53
8558,58
8559,50
8560,55
8561,57
8562,52
8563,44
856,42
8564,53
8565,48
8566,47
8567,53
8568,56
8569,47
8570,51
8571,51
8572,51
8573,55
8574,52
857,48
8575,54
8576,49
8577,44
8578,48
8579,53
8580,51
8581,51
8582,62
8583,44
8584,43
858,48
8585,45
8586,53
8587,36
8588,57
8589,48
8590,47
8591,49
8592,44
8593,53
8594,46
859,49
8595,52
8596,42
8597,62
8598,56
8599,54
8600,44
8601,53
8602,45
8603,48
8604,59
860,51
8605,43
8606,46
8607,50
8608,52
8609,43
8610,49
8611,53
8612,54
8613,55
8614,44
861,55
8615,53
8616,46
8617,55
8618,44
8619,54
8620,46
8621,42
8622,44
8623,62
862,42
8624,53
8625,46
8626,45
8627,55
8628,51
8629,46
8630,48
8631,43
8632,51
8633,57
8634,49
863,51
8635,51
8636,39
8637,50
8638,43
8639,48
8640,58
8641,62
8642,61
8643,51
8644,52
864,48
8645,43
8646,65
8647,47
8648,49
8649,56
8650,50
86,51
8651,46
8652,48
8653,52
8654,47
865,51
8655,44
8656,51
8657,49
8658,40
8659,47
8660,48
8661,46
8662,53
8663,43
8664,59
866,49
8665,55
8666,43
8667,43
8668,55
8669,47
8670,43
8671,51
8672,48
8673,45
8674,47
867,48
8675,49
8676,45
8677,47
8678,60
8679,50
8680,46
8681,54
8682,53
8683,52
8684,46
8685,49
868,63
8686,42
8687,50
8688,51
8689,45
8690,42
8691,51
8692,44
8693,52
8694,49
8695,55
869,59
8696,47
8697,40
8698,52
8699,55
8700,52
8701,50
8702,44
8703,56
8704,52
870,50
8705,55
8706,43
8707,55
8708,51
8709,52
8710,55
8711,48
8712,51
8713,62
8714,52
871,47
8715,53
8716,46
8717,48
8718,51
8719,58
8720,43
8721,51
8722,61
8723,53
8724,41
8725,47
872,58
8726,44
8727,57
8728,44
8729,50
8730,44
8731,48
8732,47
8733,52
8734,44
873,49
8735,63
8736,50
8737,48
8738,45
8739,46
8740,42
8741,59
87,42
8742,54
8743,54
8744,53
874,51
8745,49
8746,53
8747,47
8748,49
8749,49
8750,48
8751,54
8752,40
8753,53
8754,49
875,54
8755,47
8756,46
8757,47
8758,49
8759,50
8760,55
8761,62
8762,56
8763,48
8764,53
8765,50
876,57
8766,45
8767,47
8768,46
8769,44
8770,54
8771,51
8772,49
8773,50
8774,58
8775,64
877,63
8776,57
8777,46
8778,54
8779,46
8780,37
8781,50
8782,43
8783,47
8784,51
878,55
8785,56
8786,53
8787,56
8788,44
8789,55
8790,53
8791,55
8792,48
8793,55
8794,57
8795,52
879,57
8796,47
8797,52
8798,55
8799,48
8800,51
8801,49
8802,56
8803,57
880,45
8804,54
8805,45
8806,41
8807,44
8808,50
8809,51
8810,51
8811,51
8812,48
8813,47
8814,55
881,49
8815,49
8816,53
8817,47
8818,57
8819,49
8820,46
8821,48
8822,42
8823,44
8824,55
882,47
8825,51
8826,49
8827,54
8828,44
8829,49
8830,42
8831,54
8832,49
8833,52
883,44
8834,58
8835,51
8836,50
88,37
8837,52
8838,54
8839,54
8840,47
8841,47
8842,48
8843,45
8844,57
884,48
8845,45
8846,50
8847,43
8848,45
8849,54
8850,47
8851,45
8852,53
8853,42
8854,55
885,54
8855,43
8856,51
8857,45
8858,47
8859,54
8860,42
8861,48
8862,44
8863,56
8864,53
886,47
8865,47
8866,44
8867,50
8868,50
8869,54
8870,49
8871,46
8872,38
8873,56
8874,45
887,53
8875,49
8876,55
8877,50
8878,45
8879,51
8880,41
8881,49
8882,41
8883,50
8884,56
8885,44
888,57
8886,58
8887,56
8888,41
8889,54
8890,47
8891,50
8892,58
8893,45
8894,57
8895,52
889,59
8896,41
8897,51
8898,57
8899,49
8900,46
8901,51
8902,48
8903,58
8904,55
890,46
8905,41
8906,50
8907,54
8908,41
8909,49
8910,57
8911,51
8912,55
8913,54
8914,52
891,54
8915,50
8916,45
8917,58
8918,45
8919,56
8920,41
8921,44
8922,47
8923,46
8924,58
8925,55
892,60
8926,54
8927,55
8928,54
8929,49
8930,51
8931,52
8932,39
8933,57
8934,48
893,46
8935,47
8936,43
8937,49
8938,48
8939,45
8940,53
8941,49
8942,51
8943,44
8944,52
894,46
8945,55
8946,50
8947,52
8948,50
8949,47
89,50
8950,47
8951,45
8952,52
8953,56
8954,50
8955,47
895,57
8956,47
8957,45
8958,48
8959,46
8960,51
8961,48
8962,52
8963,48
8964,53
896,54
8965,46
8966,55
8967,51
8968,48
8969,55
8970,48
8971,54
8972,51
8973,50
8974,46
897,50
8975,47
8976,44
8977,56
8978,51
8979,44
8980,43
8981,39
8982,57
8983,58
8984,54
898,49
8985,44
8986,58
8987,52
8988,50
8989,48
8990,47
8991,50
8992,50
8993,49
8994,43
899,51
8995,46
8996,45
8997,48
8998,57
8999,43
9000,45
9001,44
9002,43
9003,48
9004,51
900,47
9005,41
9006,50
9007,52
9008,47
9009,51
9010,53
9011,46
9012,54
9013,52
9014,53
9015,46
901,59
9016,48
9017,50
9018,51
9019,56
9020,48
9021,44
9022,46
9023,48
9024,51
902,50
9025,58
9026,53
9027,42
9028,51
9029,54
9030,55
9031,52
9032,41
9033,46
9034,54
903,53
9035,49
9036,51
9037,49
9038,50
9039,47
9040,59
9041,46
9042,57
9043,59
9044,45
9045,52
904,56
9046,55
9047,57
9048,54
90,49
9049,55
9050,50
9051,47
9052,55
9053,50
9054,49
905,51
9055,44
9056,45
9057,54
9058,53
9059,48
9060,46
9061,46
9062,44
9063,47
9064,46
906,49
9065,48
9066,52
9067,56
9068,55
9069,48
9070,51
9071,49
9072,54
9073,51
9074,45
907,48
9075,45
9076,53
9077,54
9078,55
9079,45
9080,44
9081,53
9082,50
9083,54
9084,46
908,49
9085,42
9086,55
9087,44
9088,52
9089,47
9090,53
9091,44
9092,45
9093,52
9094,58
909,52
9095,55
9096,49
9097,55
9098,54
9099,62
9100,54
9101,50
9102,48
9103,46
9104,56
9105,62
910,57
9106,50
9107,47
9108,51
9109,48
9110,48
9111,47
9112,49
9113,58
911,41
9114,50
9115,57
9116,51
9117,52
9118,42
9119,56
9120,48
9121,55
9122,47
9123,45
9124,52
912,49
9125,54
9126,51
9127,39
9128,51
9129,60
9130,56
9131,57
9132,49
9133,44
9134,46
913,50
9135,47
9136,49
9137,49
9138,51
9139,53
9140,42
9141,44
9142,49
9143,49
9144,52
914,48
9145,55
9146,38
9147,51
9148,53
91,49
9149,46
9150,50
9151,54
9152,62
9153,47
9154,52
915,51
9155,49
9156,49
9157,57
9158,46
9159,52
9160,49
9161,51
9162,50
9163,49
9164,50
916,54
9165,48
9166,52
9167,43
9168,45
9169,49
9170,51
9171,46
9172,57
9173,48
9174,52
917,52
9175,48
9176,54
9177,45
9178,52
9179,50
9180,57
9181,49
9182,57
9183,51
9184,53
918,54
9185,49
9186,56
9187,55
9188,51
9189,52
9190,52
9191,54
9192,44
9193,45
9194,40
9195,43
919,61
9196,50
9197,56
9198,53
9199,42
9200,52
9201,55
9202,45
9203,54
9204,52
9205,54
920,58
9206,52
9207,42
9208,58
9209,55
9210,53
9211,59
9212,48
9213,61
921,42
9214,48
9215,61
9216,50
9217,43
9218,56
9219,54
9220,43
9221,47
9222,44
9223,47
9224,60
922,55
9225,51
9226,52
9227,36
9228,53
9229,50
9230,51
9231,54
9232,52
9233,45
9234,52
923,49
9235,44
9236,46
9237,48
9238,45
9239,58
9240,46
9241,51
9242,56
9243,45
9244,47
924,51
9245,43
9246,51
9247,40
9248,49
9249,53
9250,53
9251,51
92,52
9252,51
9253,51
9254,46
925,46
9255,50
9256,48
9257,42
9258,68
9259,40
9260,46
9261,39
9262,55
9263,45
9264,46
9265,47
926,55
9266,46
9267,46
9268,45
9269,51
9270,47
9271,42
9272,54
9273,50
9274,53
9275,54
927,56
9276,48
9277,43
9278,45
9279,56
9280,50
9281,43
9282,52
9283,51
9284,57
928,50
9285,47
9286,55
9287,53
9288,51
9289,57
9290,54
9291,57
9292,51
9293,42
9294,49
929,52
9295,46
9296,44
9297,39
9298,45
9299,46
9300,51
9301,54
9302,43
9303,55
930,44
9304,48
9305,58
9306,47
9307,52
9308,52
9309,51
9310,44
9311,52
9312,60
9313,47
9314,50
931,49
9315,49
9316,58
9317,47
9318,59
9319,48
9320,51
9321,43
9322,60
9323,54
9324,55
932,53
9325,49
9326,37
9327,48
9328,37
9329,53
9330,52
9331,51
9332,53
9333,51
9334,46
933,47
9335,53
9336,50
9337,51
9338,53
9339,47
9340,48
9341,42
9342,59
93,43
9343,46
9344,50
934,54
9345,51
9346,45
9347,44
9348,48
9349,56
9350,44
9351,50
9352,48
9353,57
9354,47
935,49
9355,55
9356,54
9357,49
9358,50
9359,57
9360,45
9361,54
9362,54
9363,47
9364,47
9365,53
936,56
9366,52
9367,50
9368,46
9369,51
9370,55
9371,44
9372,39
9373,43
9374,60
937,53
9375,40
9376,52
9377,48
9378,52
9379,61
9380,60
9381,53
9382,44
9383,51
9384,49
9385,45
938,63
9386,47
9387,56
9388,60
9389,46
9390,47
9391,55
9392,43
9393,51
9394,41
9395,57
939,63
9396,56
9397,50
9398,52
9399,50
9400,50
9401,44
9402,48
9403,54
9404,43
940,49
9405,56
9406,46
9407,52
9408,49
9409,49
9410,57
9411,45
9412,46
9413,53
941,40
9414,45
9415,50
9416,56
9417,58
9418,40
9419,46
9420,52
9421,46
9422,38
9423,49
9424,52
942,48
9425,56
9426,51
9427,48
9428,53
9429,48
9430,50
9431,48
9432,59
9433,52
9434,55
943,49
9435,53
9436,45
9437,49
9438,58
9439,47
9440,55
9441,53
9442,51
9443,56
944,44
9444,62
9445,52
9446,49
9447,55
9448,58
94,49
9449,48
9450,47
9451,49
9452,46
9453,54
9454,50
945,54
9455,51
9456,52
9457,52
9458,52
9459,47
9460,61
9461,46
9462,48
9463,50
9464,50
946,54
9465,52
9466,53
9467,40
9468,50
9469,53
9470,51
9471,41
9472,60
9473,47
947,45
9474,59
9475,48
9476,55
9477,48
9478,57
9479,59
9480,47
9481,43
9482,50
9483,51
948,43
9484,57
9485,46
9486,57
9487,52
9488,53
9489,43
9490,45
9491,49
9492,45
9493,54
9494,45
949,48
9495,43
9496,45
9497,46
9498,51
9499,54
9500,52
9501,49
9502,50
9503,47
9504,52
9505,49
950,57
9506,52
9507,62
9508,60
9509,57
9510,48
9511,53
9512,43
9513,55
9514,45
951,53
9515,44
9516,53
9517,49
9518,51
9519,51
9520,43
9521,55
9522,48
9523,53
9524,54
9525,55
952,57
9526,56
9527,39
9528,58
9529,51
9530,49
9531,51
9532,49
9533,39
9534,45
953,48
9535,50
9536,56
9537,50
9538,40
9539,47
9540,52
9541,48
9542,50
9543,51
9544,50
954,50
9545,51
9546,47
9547,46
9548,57
9549,42
9,55
9550,54
9551,52
95,52
9552,52
9553,58
9554,49
955,49
9555,47
9556,55
9557,45
9558,53
9559,45
9560,54
9561,54
9562,47
9563,49
9564,56
956,49
9565,48
9566,48
9567,54
9568,44
9569,49
9570,51
9571,41
9572,50
9573,56
9574,55
957,47
9575,47
9576,51
9577,46
9578,50
9579,45
9580,54
9581,52
9582,57
9583,46
9584,54
958,51
9585,50
9586,50
9587,50
9588,45
9589,37
9590,50
9591,48
9592,53
9593,55
9594,42
959,52
9595,51
9596,48
9597,54
9598,53
9599,53
9600,53
9601,54
9602,49
9603,56
9604,55
960,51
9605,55
9606,42
9607,48
9608,57
9609,57
9610,48
9611,49
9612,42
9613,53
9614,52
961,47
9615,48
9616,54
9617,45
9618,50
9619,47
9620,45
9621,43
9622,45
9623,46
962,43
9624,54
9625,57
9626,47
9627,47
9628,41
9629,50
9630,54
9631,52
9632,36
9633,44
9634,47
963,49
9635,49
9636,48
96,37
9637,59
9638,49
9639,53
9640,46
9641,52
9642,52
9643,46
9644,43
964,53
9645,44
9646,52
9647,51
9648,55
9649,55
9650,56
9651,63
9652,43
9653,41
965,43
9654,49
9655,58
9656,54
9657,45
9658,51
9659,46
9660,56
9661,45
9662,58
9663,42
9664,60
966,52
9665,46
9666,56
9667,54
9668,54
9669,40
9670,45
9671,48
9672,54
9673,50
967,44
9674,47
9675,54
9676,51
9677,42
9678,42
9679,43
9680,49
9681,54
9682,48
9683,59
968,44
9684,53
9685,55
9686,52
9687,51
9688,53
9689,48
9690,53
9691,45
9692,45
9693,58
9694,49
969,48
9695,52
9696,52
9697,50
9698,47
9699,54
9700,51
9701,48
9702,55
9703,42
9704,52
9705,49
970,58
9706,58
9707,47
9708,42
9709,39
9710,47
9711,52
9712,55
9713,50
9714,44
971,47
9715,51
9716,55
9717,55
9718,44
9719,52
9720,41
9721,41
9722,54
9723,58
9724,44
972,49
9725,52
9726,46
9727,55
9728,53
9729,52
9730,54
9731,48
9732,49
9733,55
9734,44
973,50
9735,46
9736,52
9737,45
9738,50
9739,53
9740,46
9741,50
9742,50
9743,54
9744,52
974,48
9745,51
9746,51
9747,47
97,48
9748,57
9749,48
9750,43
9751,48
9752,49
9753,48
9754,47
9755,49
975,58
9756,53
9757,49
9758,45
9759,54
9760,45
9761,50
9762,62
9763,52
9764,59
9765,48
976,59
9766,52
9767,50
9768,44
9769,51
9770,46
9771,44
9772,40
9773,54
9774,65
977,48
9775,43
9776,59
9777,49
9778,42
9779,48
9780,39
9781,56
9782,53
9783,52
9784,48
978,49
9785,49
9786,49
9787,54
9788,47
9789,44
9790,47
9791,57
9792,48
9793,52
9794,51
979,53
9795,54
9796,62
9797,53
9798,43
9799,47
9800,60
9801,55
9802,51
9803,53
9804,48
980,49
9805,44
9806,54
9807,54
9808,53
9809,47
9810,51
9811,53
9812,53
9813,55
9814,47
981,49
9815,49
9816,50
9817,49
9818,44
9819,45
9820,45
9821,48
9822,52
9823,54
9824,45
982,47
9825,48
9826,53
9827,49
9828,57
9829,49
9830,52
9831,40
9832,49
9833,49
9834,46
983,47
9835,41
9836,46
9837,55
9838,44
9839,44
9840,51
9841,53
9842,53
9843,33
9844,55
984,54
9845,46
98,46
9846,52
9847,44
9848,49
9849,54
9850,48
9851,48
9852,49
9853,51
985,40
9854,50
9855,51
9856,57
9857,51
9858,50
9859,47
9860,52
9861,49
9862,52
9863,52
986,42
9864,49
9865,46
9866,50
9867,49
9868,52
9869,45
9870,41
9871,50
9872,57
9873,54
9874,42
9875,51
987,56
9876,45
9877,57
9878,43
9879,52
9880,60
9881,54
9882,49
9883,49
9884,51
988,50
9885,46
9886,47
9887,48
9888,53
9889,52
9890,49
9891,50
9892,46
9893,52
989,42
9894,52
9895,50
9896,50
9897,48
9898,49
9899,41
9900,51
9901,56
9902,62
9903,44
990,45
9904,53
9905,48
9906,51
9907,54
9908,57
9909,58
9910,54
9911,49
9912,51
9913,48
9914,48
991,53
9915,52
9916,49
9917,59
9918,45
9919,56
9920,46
9921,52
9922,44
9923,50
9924,48
992,49
9925,50
9926,47
9927,44
9928,49
9929,43
9930,57
9931,47
9932,54
9933,44
9934,45
9935,49
993,59
9936,50
9937,53
9938,57
9939,48
9940,44
9941,57
9942,54
9943,47
9944,46
994,47
9945,43
9946,44
9947,53
9948,47
9949,54
9950,45
99,51
9951,52
9952,53
9953,48
9954,54
995,50
9955,49
9956,54
9957,47
9958,56
9959,47
9960,54
9961,52
9962,51
9963,42
9964,53
996,47
9965,45
9966,47
9967,46
9968,46
9969,54
9970,58
9971,53
9972,40
9973,53
997,45
9974,56
9975,49
9976,49
9977,51
9978,50
9979,54
9980,48
9981,56
9982,56
9983,40
9984,53
9985,45
998,58
9986,52
9987,56
9988,56
9989,54
9990,53
9991,55
9992,46
9993,57
9994,55
999,53
9995,47
9996,47
9997,52
9998,40
9999,49
